-0.42545 -0.37388 -0.67160
0.47749 0.35913 0.61618
0.36594 0.39776 -0.48845
-0.31767 -0.13573 0.28137
-0.06384 -0.32282 0.92168
-0.57539 -0.72806 -0.02140
-0.25764 0.26792 -0.67786
0.02660 -0.11419 -0.25194
0.49221 0.52854 0.05732
0.19531 -0.09813 0.47923
-0.40698 -0.30177 -0.16459
0.14423 0.19089 0.10010
-0.00715 0.30074 -0.31191
-0.10296 -0.45554 -0.43399
-0.31452 -0.04486 -0.45108
-0.12621 -0.24886 0.56639
-0.49293 -0.43496 0.17078
0.03742 0.46916 -0.63470
0.36944 0.25064 -0.16029
0.36677 0.05658 0.73135
0.41070 0.28824 0.28865
-0.20985 -0.03518 -0.02033
-0.01828 -0.03557 0.25180
-0.38265 -0.59273 -0.21925
-0.06034 0.08921 -0.50648
0.18789 -0.20015 0.75190
0.15286 0.52761 -0.23963
-0.24933 -0.30640 0.06316
-0.13428 -0.31861 -0.17891
-0.15730 0.09065 -0.25157
-0.36248 -0.39048 -0.40828
0.28797 0.15307 0.47760
0.59664 0.44000 0.39073
0.16787 0.10429 -0.26327
-0.31983 0.02258 -0.69278
0.04976 -0.00932 -0.02699
-0.12802 -0.20034 -0.43347
0.14337 0.31893 -0.11136
0.31140 0.35818 0.06200
0.15476 0.29795 -0.49220
-0.30328 -0.09373 -0.22518
-0.36370 -0.52550 0.00480
-0.12037 0.34080 -0.50479
0.17727 0.06927 0.29318
-0.30939 -0.21041 -0.59162
-0.15193 -0.09977 0.41413
0.45297 0.43985 -0.12515
-0.43035 -0.23126 0.14041
-0.00985 0.17630 -0.13985
0.24745 0.36944 -0.32595
0.00076 -0.28387 0.73397
-0.16863 -0.14043 0.14616
-0.22869 -0.48151 -0.26985
0.20868 0.11744 -0.06826
-0.25221 0.12013 -0.53264
-0.35617 -0.17312 -0.03095
0.02666 -0.17045 0.42135
-0.08036 -0.16702 -0.07767
-0.02368 -0.31694 -0.32950
-0.35913 -0.20420 -0.36536
0.55387 0.43977 0.21019
0.21447 0.42180 -0.62138
0.08663 -0.21093 0.58921
-0.50103 -0.59898 0.09629
0.36737 0.21052 0.62874
-0.43880 -0.35159 0.00517
-0.14235 0.19967 -0.39226
0.29206 0.18592 0.20336
0.38154 0.30765 0.47794
-0.24903 -0.43062 -0.10341
0.27607 -0.09126 0.64760
0.09319 0.43270 -0.37454
0.01183 0.01147 -0.36987
-0.07861 0.01314 0.08432
-0.22548 -0.32790 -0.49948
0.09212 0.15828 -0.41925
-0.19885 -0.03879 -0.56878
0.10137 0.03225 0.15322
0.30929 0.19913 0.02880
-0.47742 -0.61040 -0.07222
-0.11616 0.22403 -0.61394
0.28948 0.37353 -0.10669
0.40400 0.41818 0.17664
-0.42703 -0.44818 -0.11882
0.09805 -0.04786 0.35514
0.46065 0.38255 0.01827
0.29209 0.05350 0.59635
0.01405 0.28416 -0.55406
-0.32651 -0.11976 0.12020
-0.18823 -0.05528 0.27117
-0.11488 0.06121 -0.08990
-0.11025 -0.04947 -0.43970
0.45107 0.42273 0.35199
-0.01057 0.44442 -0.49171
0.04063 0.14448 -0.00073
0.39673 0.36873 -0.33998
0.27162 0.22639 -0.28882
-0.38790 -0.44928 -0.26336
0.09574 0.00462 -0.17862
-0.42000 -0.29812 -0.54302
-0.23323 0.06252 -0.38870
0.09562 0.38999 -0.23303
-0.14849 -0.26879 0.71097
0.27963 0.22586 0.34388
-0.35584 -0.40112 0.11467
0.24988 0.02587 0.41179
-0.19968 0.09610 -0.66843
-0.36596 -0.08251 -0.61091
0.50629 0.43390 0.50106
-0.17987 0.36947 -0.62944
0.38463 0.27525 0.14099
0.20263 0.28980 0.00710
-0.08036 -0.32432 -0.45545
-0.23646 -0.46327 -0.42078
-0.48341 -0.47691 0.04410
-0.07413 -0.14094 0.31398
-0.32722 -0.39733 -0.54809
-0.48480 -0.31107 0.23064
-0.19971 -0.31200 -0.05883
-0.07350 -0.11861 0.04465
0.11828 0.42590 -0.50897
-0.29305 -0.23648 0.16890
-0.04123 -0.22418 -0.23196
-0.12366 -0.41014 -0.31376
-0.02421 -0.18027 -0.35965
-0.41635 -0.24035 -0.65772
0.01625 -0.08253 -0.12683
0.32658 -0.08129 0.76467
0.04982 0.27663 -0.19122
-0.07410 0.19802 -0.27811
-0.39740 -0.31795 -0.30986
-0.36444 -0.15675 -0.49073
-0.22353 -0.00580 -0.18109
0.14652 0.07999 0.03977
-0.43064 -0.19968 0.26263
0.10069 -0.28078 0.81079
-0.09097 -0.20093 0.45568
0.20067 0.42780 -0.17543
-0.17011 -0.21289 0.04013
-0.08730 0.44489 -0.59392
-0.36661 -0.20073 -0.23192
-0.31785 -0.53217 -0.13309
0.26133 0.16241 -0.18355
0.28191 0.32182 -0.44083
-0.21404 -0.15753 -0.50980
0.39889 0.29361 -0.03899
0.30487 0.33290 -0.22419
0.25205 0.27960 0.13604
-0.28154 -0.03452 -0.33512
0.19789 0.24143 -0.39487
-0.30859 0.01217 -0.56374
0.16063 -0.12124 0.61822
-0.11034 -0.26739 0.82687
-0.30049 -0.42225 0.00319
-0.17770 0.22728 -0.50154
0.13667 0.13518 0.20353
-0.03533 0.35695 -0.41806
-0.30263 -0.10436 -0.10856
0.10751 0.23172 -0.03960
0.01287 -0.04189 0.13930
0.37407 0.20703 0.42048
-0.20810 -0.15361 0.32727
-0.19407 -0.04184 0.09245
0.30505 0.29547 0.24711
-0.01493 -0.24805 0.62203
-0.32559 -0.48293 -0.35122
0.48010 0.35587 0.23159
0.21889 -0.03252 0.56690
0.37125 0.12933 0.54759
0.01159 0.07833 0.08526
0.56315 0.53827 0.16024
-0.14252 0.06479 -0.57915
-0.07318 0.32874 -0.60368
0.35556 0.41066 -0.02727
-0.40822 -0.26450 -0.06075
0.29624 0.18144 -0.08177
0.10386 -0.02823 0.24781
-0.37998 -0.31320 0.19199
0.44991 0.31960 0.39418
-0.00481 -0.18984 0.52325
0.08017 0.01102 -0.28556
0.50855 0.47092 -0.03820
0.28799 0.11948 0.35896
0.06320 0.36981 -0.59620
0.43484 0.33229 -0.13614
0.18463 0.38994 -0.41089
-0.28297 0.16466 -0.68987
0.54963 0.38883 0.30958
0.21094 0.17646 0.27181
-0.12244 -0.04094 0.17115
0.10194 -0.13209 0.51714
0.01331 0.18829 -0.50808
0.09992 -0.23621 0.70477
0.43825 0.26655 0.57381
-0.18354 -0.40922 -0.20752
0.48882 0.41902 0.11409
-0.38601 -0.26300 -0.44798
0.12795 -0.14073 0.41130
0.17179 0.08467 -0.16058
0.03223 -0.11614 0.31118
-0.27184 -0.07807 0.20767
-0.46084 -0.32535 0.10793
-0.05144 0.06897 0.00077
-0.19221 -0.18107 0.46753
0.23879 0.14982 0.08898
-0.02439 -0.39441 -0.39684
-0.09100 0.12422 -0.18097
-0.01341 -0.32351 0.83246
-0.23340 0.20873 -0.58501
-0.50230 -0.67026 0.01981
-0.39692 -0.22777 0.04431
0.35001 0.29957 0.38208
-0.29735 -0.10471 0.01378
0.47358 0.33529 0.50637
0.33954 -0.00905 0.66111
0.33566 0.11925 0.66033
-0.26822 -0.11653 -0.58246
0.29986 0.04714 0.49506
0.18798 0.44117 -0.29141
0.31451 0.29524 -0.34545
-0.04029 -0.10038 0.40249
-0.01783 -0.08377 -0.34023
0.13987 0.47384 -0.65886
-0.38108 -0.58619 -0.08158
0.36010 0.25434 -0.25800
-0.20944 0.13901 -0.44697
0.19302 -0.05253 0.37701
0.45561 0.44808 0.25377
0.08642 0.08005 -0.35413
-0.01659 -0.08217 -0.02554
-0.33345 -0.10994 -0.38121
-0.46223 -0.50896 -0.05174
-0.13407 -0.24664 -0.09119
-0.07736 -0.11310 0.21747
0.13430 0.05701 -0.05435
-0.42056 -0.47587 0.11728
-0.36373 -0.18961 -0.13623
-0.43681 -0.59076 0.02548
0.35001 0.22997 0.52414
-0.43192 -0.64469 -0.15579
-0.29533 -0.53750 -0.23031
0.01791 0.10369 -0.44433
-0.22252 0.03799 -0.29735
-0.17337 -0.40108 -0.46927
0.44048 0.27910 0.66735
-0.07333 0.26456 -0.36843
-0.23005 0.00771 -0.65668
-0.28540 0.09885 -0.62260
-0.31402 -0.30088 -0.56647
0.33008 0.34973 0.15822
-0.15584 -0.30520 0.91687
0.39516 0.38193 0.28143
0.20326 0.21322 0.18073
-0.42525 -0.53879 -0.14909
0.58433 0.47535 0.30390
0.01672 0.03121 0.19733
0.15105 0.14929 -0.34790
-0.16391 -0.47850 -0.36116
0.09203 0.46553 -0.28837
-0.09228 -0.33637 -0.26822
0.48263 0.49480 0.17062
-0.18968 0.28884 -0.57310
0.32498 0.39169 -0.39921
0.51392 0.38523 0.40749
0.04576 0.37761 -0.31866
-0.36812 -0.14109 0.19890
0.08275 0.11945 0.12542
0.15879 0.03209 0.37774
0.40622 0.30247 0.05149
-0.40813 -0.39681 -0.19195
-0.42258 -0.36174 -0.09141
-0.13398 0.00706 0.01283
0.34957 0.22173 0.28139
0.43143 0.46772 0.00872
-0.39645 -0.20718 -0.56816
-0.37743 -0.15953 -0.66447
0.09155 0.06647 0.23976
-0.02368 0.12166 -0.06643
0.40400 0.43427 0.08717
-0.50536 -0.69551 -0.07329
0.26160 0.34917 -0.02443
-0.22347 -0.22650 0.11379
0.07756 0.25128 -0.50061
0.27153 -0.15133 0.75895
-0.03418 -0.26431 -0.40070
-0.05704 0.02164 -0.44565
-0.30993 -0.32234 0.13802
-0.18903 -0.24457 -0.48038
-0.09006 0.15137 -0.57092
0.30419 0.20185 0.11728
-0.26642 0.05151 -0.47927
-0.24414 -0.47797 -0.17744
0.20447 0.01147 0.48526
-0.02608 -0.15380 -0.15441
0.17576 0.10424 0.12816
0.21091 -0.12856 0.69172
0.44398 0.33845 0.14590
-0.25995 -0.42164 -0.49327
0.00937 -0.02916 0.05349
-0.11675 0.01587 -0.51283
-0.33428 -0.13081 -0.29782
0.21126 0.10015 0.39239
-0.35335 -0.22064 0.23163
-0.18844 0.00167 -0.09465
0.37926 0.39314 -0.11499
-0.17058 0.11155 -0.33295
-0.38013 -0.36476 -0.49046
0.39071 0.17045 0.69958
-0.11479 0.27294 -0.44163
-0.06105 -0.08615 0.13475
-0.26010 -0.24956 -0.52574
0.22577 0.36488 -0.48668
-0.26354 -0.16178 0.20513
0.07026 0.24126 -0.11780
0.13032 -0.05895 0.44326
-0.15127 0.05655 -0.16534
0.47257 0.34646 0.31802
-0.25369 -0.35352 -0.00688
-0.31132 -0.49246 -0.05990
-0.06615 -0.27494 0.68198
-0.21528 -0.07390 0.35021
-0.15543 -0.12428 -0.45314
-0.16068 -0.12728 0.24001
-0.49231 -0.51777 0.11722
0.05795 0.42248 -0.45024
0.45905 0.38276 -0.06533
0.07305 0.02341 0.05865
-0.47383 -0.40250 0.08119
0.25922 0.39763 -0.24766
-0.29430 -0.03817 -0.63282
-0.15498 0.15191 -0.62322
-0.02083 0.21311 -0.21723
-0.04737 0.22404 -0.56892
-0.03634 -0.06507 0.32837
-0.01071 0.40100 -0.61327
-0.19040 0.22849 -0.65294
0.16090 -0.19085 0.67452
-0.35024 -0.15570 0.04913
0.16369 -0.01646 0.31004
-0.19268 -0.36230 -0.14156
0.29784 -0.03119 0.59481
-0.08902 -0.24701 -0.17053
-0.39161 -0.38493 -0.59561
0.35755 0.23758 -0.08130
0.12199 0.42724 -0.59519
0.21126 0.17352 -0.29902
0.13349 0.47808 -0.17875
0.44407 0.38489 0.44992
0.25914 0.15340 -0.01448
-0.13600 -0.17131 0.38121
-0.09109 -0.13516 -0.40448
0.19617 0.25341 0.07830
0.22992 -0.11146 0.57450
-0.41955 -0.40318 0.17175
0.04410 -0.02421 0.30121
-0.26461 -0.03120 -0.25720
0.06691 -0.01293 -0.10484
0.21023 0.36155 -0.10693
0.50374 0.46988 0.31294
-0.16868 -0.26507 0.63439
0.41853 0.29990 0.21032
-0.11494 -0.16729 -0.00651
0.21767 0.13874 0.20206
-0.10895 -0.06530 0.27145
-0.20259 -0.05652 0.17780
0.53109 0.48492 0.10962
0.14058 0.37333 -0.16776
-0.45832 -0.31171 -0.63737
-0.26170 -0.08025 0.10065
0.50226 0.45036 0.04376
-0.45520 -0.42665 -0.00886
-0.31343 -0.45088 -0.42533
-0.13348 0.38841 -0.56625
-0.39570 -0.28156 -0.23899
-0.16768 -0.06236 -0.50138
-0.29928 -0.37364 0.06900
0.09980 0.33424 -0.53788
0.31113 0.21843 -0.21019
-0.38787 -0.51181 -0.21827
-0.26268 -0.06713 0.28711
-0.27368 -0.53006 -0.30900
0.35242 0.32668 -0.14274
0.35070 0.23557 0.20382
0.33791 0.17854 0.35923
0.54058 0.51151 0.23326
-0.07742 0.41884 -0.51866
-0.00303 -0.18330 -0.28409
0.25101 0.23672 0.24731
-0.07244 -0.25227 0.76228
0.39889 0.37148 -0.41621
0.28254 0.15789 0.29347
0.06931 -0.19295 0.48514
-0.50797 -0.58514 -0.00067
0.04706 0.44182 -0.54118
0.10695 0.18915 0.03392
0.06172 -0.05746 -0.21575
-0.05571 -0.00509 0.16670
-0.25129 -0.05219 -0.08877
0.04309 0.18419 -0.07604
0.24377 0.09090 0.46018
0.27382 0.18163 0.40505
-0.14427 0.30287 -0.63406
0.04460 -0.21500 0.65499
-0.35492 -0.45491 0.06153
0.28372 -0.03875 0.70227
0.05721 -0.08866 0.40368
-0.34193 -0.08241 -0.51040
-0.38651 -0.30995 -0.65996
0.26848 -0.02314 0.51121
0.34554 0.32055 0.30741
0.12540 0.21832 -0.44967
-0.38233 -0.38786 -0.33189
-0.12491 -0.08918 0.34038
-0.13235 -0.16139 0.07849
0.39744 0.36139 0.36197
0.40515 0.19455 0.55915
0.29624 0.10817 0.54622
0.32018 0.36943 -0.28699
0.04001 0.32112 -0.25852
0.16185 -0.07567 0.54763
-0.42326 -0.53279 0.07010
0.36304 0.15692 0.47944
0.35479 -0.02102 0.73236
-0.18601 -0.22391 0.53101
0.35076 0.35037 0.22871
-0.38624 -0.27236 -0.36657
-0.05746 -0.17126 0.39527
-0.02857 -0.15135 0.46515
0.41794 0.24728 0.50370
0.36550 0.25436 0.01490
0.03814 -0.05792 0.21161
0.52792 0.46189 0.38090
-0.16990 -0.11404 0.48279
-0.15821 -0.31847 -0.47510
-0.07199 -0.22970 0.52289
0.26622 0.37107 -0.17473
-0.39947 -0.36586 -0.25633
-0.06387 -0.37544 -0.33776
-0.17474 -0.25101 -0.02008
0.37801 0.24689 0.34355
-0.22071 -0.14542 0.39654
0.21509 0.29557 -0.45514
0.35660 0.05273 0.63099
0.03126 0.39526 -0.39063
0.13664 0.05195 -0.21253
0.19548 0.11726 0.00486
-0.38019 -0.17395 0.11056
-0.27620 -0.06864 -0.16358
-0.37565 -0.23515 -0.30403
0.16075 -0.15024 0.55180
0.15559 0.28613 -0.04540
0.24828 0.31016 0.05690
0.20581 0.12498 -0.20721
-0.42175 -0.28126 0.00626
-0.23785 -0.49570 -0.35874
0.55167 0.43302 0.44392
0.02692 -0.04942 -0.29896
0.47996 0.39569 0.55668
-0.35952 -0.58437 -0.15321
-0.21137 0.32109 -0.66859
-0.01721 0.45346 -0.56515
0.37137 0.32157 -0.29576
-0.48679 -0.36585 0.17164
0.26272 0.27381 -0.38631
-0.08421 -0.23059 0.61839
0.20073 0.13241 0.33209
0.12899 0.04298 -0.12186
-0.46558 -0.28522 0.16541
0.39237 0.14316 0.62906
-0.05862 -0.04147 -0.39475
0.14177 0.46842 -0.34124
0.30306 0.09941 0.42642
0.05211 -0.25184 0.76646
-0.09566 -0.12288 0.44579
-0.25778 0.08720 -0.70368
-0.01350 0.03824 0.13486
-0.37592 -0.14236 -0.56137
0.12807 0.41349 -0.44109
-0.23142 -0.37059 -0.07377
-0.05601 -0.39498 -0.45724
0.14827 -0.16227 0.47729
0.22912 -0.04059 0.44895
0.14705 0.06501 0.20041
0.42236 0.33269 0.57560
-0.02219 -0.33095 -0.42061
-0.34798 -0.51221 -0.29434
0.11226 0.02761 0.31256
0.09680 0.31915 -0.16718
0.33910 0.26125 0.44099
0.45801 0.48906 0.10813
-0.49898 -0.54204 0.05051
-0.34128 -0.14668 -0.20092
0.43754 0.45859 -0.05759
0.15535 0.36993 -0.50933
-0.35302 -0.24087 -0.63571
0.30179 0.38552 -0.47332
-0.43717 -0.26536 0.24212
0.05979 0.12982 0.06335
0.36081 0.39060 0.11355
0.15179 0.24670 0.01068
0.16360 0.12912 0.26699
-0.36655 -0.19795 -0.43829
-0.11702 0.14711 -0.27626
-0.27184 -0.13092 0.32936
-0.21620 0.17073 -0.50916
0.00406 -0.14887 0.36294
-0.00861 -0.25439 -0.31379
-0.01098 -0.10073 0.24305
-0.19312 0.03823 -0.21993
-0.37491 -0.16368 0.26065
0.00068 0.34268 -0.58450
0.25243 0.14727 -0.12002
0.04167 -0.30776 0.79970
-0.03026 0.24711 -0.27808
-0.24396 -0.06534 0.02711
-0.18571 0.04481 -0.62545
0.25670 0.37333 -0.39085
-0.27902 0.00072 -0.42044
0.12940 -0.23003 0.76277
-0.21510 -0.29428 0.00697
0.33673 0.16694 0.59141
0.21850 0.04544 0.35582
0.50110 0.39830 0.18720
-0.17058 -0.43331 -0.27563
0.47738 0.51651 -0.00451
-0.24900 -0.14742 0.26647
-0.03898 -0.11726 -0.07498
-0.01012 -0.16216 -0.22348
-0.52401 -0.64294 -0.03453
-0.28635 -0.08813 -0.04820
0.31255 0.19483 -0.15020
0.34933 0.33342 -0.38650
0.42597 0.21747 0.65451
-0.13360 -0.16538 0.49657
0.40856 0.27212 0.40744
0.10766 0.04028 0.00170
-0.39591 -0.25011 -0.12806
-0.05867 -0.28268 -0.25842
-0.32594 -0.42169 -0.48882
0.29058 0.32591 0.11383
0.09170 -0.10875 0.33658
-0.36026 -0.32796 -0.60458
-0.31429 -0.14362 -0.61732
-0.21190 -0.12269 0.20224
-0.14718 -0.14345 0.30022
0.58831 0.41632 0.25832
0.48856 0.43859 0.43867
-0.07994 -0.42769 -0.37019
-0.05064 0.39759 -0.46445
0.03099 -0.06576 0.34983
0.45344 0.36961 0.09138
-0.16604 -0.31122 -0.11489
0.07219 0.08327 0.17714
-0.39105 -0.57777 -0.01855
0.06453 -0.13549 0.45834
-0.09596 -0.32081 0.86710
-0.26751 -0.27718 0.12608
0.19878 0.46270 -0.22796
-0.27324 -0.36863 -0.52477
-0.34674 -0.12125 -0.44178
0.11217 -0.19385 0.53111
-0.07110 0.16511 -0.22432
-0.30850 0.03667 -0.62158
0.05881 -0.01190 0.17430
0.02538 0.22589 -0.16358
-0.16590 -0.45183 -0.43346
0.17170 0.00194 0.43098
-0.40905 -0.18394 0.17528
-0.13683 0.16401 -0.33622
0.34752 0.23728 0.08959
0.12365 0.07081 -0.29189
-0.01935 -0.26772 0.79079
0.12264 0.06157 0.09407
0.32000 0.21012 0.47351
-0.34152 -0.03552 -0.67307
-0.07558 -0.19874 -0.40044
0.01040 -0.20857 0.58035
0.38478 0.28015 0.54564
0.10158 -0.19113 0.65190
-0.22854 0.26290 -0.61855
-0.38577 -0.21563 -0.50792
-0.32075 -0.10567 0.18118
0.03808 0.07284 -0.39487
-0.07810 0.10663 -0.12333
-0.03038 -0.07526 0.03725
0.38851 0.42302 0.02865
0.23561 0.23138 -0.34726
0.39080 0.34019 0.41937
0.24525 0.15737 0.15029
-0.14327 -0.37702 -0.24107
-0.19105 0.12527 -0.38923
0.00109 0.35022 -0.36186
-0.21457 0.17267 -0.66054
-0.30041 -0.08073 -0.28771
0.25958 0.03632 0.54732
-0.49957 -0.45690 0.11398
-0.11972 -0.02292 0.11186
0.22345 0.11653 0.27754
-0.44915 -0.56046 -0.09711
-0.02685 0.14314 -0.51750
-0.11138 -0.27197 -0.44959
0.19178 0.39136 -0.33820
-0.11450 -0.38090 -0.46757
0.14135 -0.17692 0.60305
0.51727 0.54354 0.11805
-0.34997 -0.53911 -0.05575
0.15405 -0.09857 0.37028
0.29348 0.26585 0.29880
-0.46137 -0.66002 -0.10315
-0.26553 -0.17235 -0.55898
-0.25734 0.15466 -0.59791
0.59154 0.47450 0.24215
-0.43678 -0.28110 0.07464
-0.01552 -0.23760 0.69879
-0.15385 0.22479 -0.44617
0.26261 -0.09227 0.72036
-0.27985 -0.43467 -0.05203
0.10229 0.44889 -0.22365
0.01168 0.26523 -0.23611
0.01978 -0.10757 -0.19270
-0.11776 -0.10939 0.13965
0.21936 -0.08070 0.63141
0.19074 0.11697 0.06457
0.12819 0.15202 0.14680
-0.15676 0.01326 -0.04206
0.43772 0.29624 0.46122
0.06270 -0.07936 0.27535
0.15894 0.19636 -0.39164
0.09565 0.47566 -0.61889
0.16298 -0.04147 0.48999
-0.12138 -0.23420 0.66473
-0.38431 -0.31585 -0.40710
-0.20623 -0.10000 -0.52653
0.61064 0.41033 0.34124
0.06394 -0.14592 0.38226
-0.33849 -0.57298 -0.25357
0.34251 0.15703 0.41643
0.14150 0.01729 0.25247
-0.15878 0.00264 -0.55234
0.34387 0.07609 0.56052
-0.32799 -0.47691 -0.00531
0.00687 0.10290 0.02433
-0.27537 -0.49271 -0.12207
-0.44177 -0.36166 0.20955
-0.15534 0.29537 -0.51867
-0.40279 -0.30515 -0.48567
-0.33603 -0.04819 -0.55799
-0.37755 -0.20954 -0.07202
0.07764 0.41377 -0.63257
-0.38645 -0.24019 -0.18529
0.43733 0.38774 -0.15566
0.49995 0.37640 0.47369
-0.12657 -0.22795 0.50176
0.04597 -0.25742 0.69710
0.16897 0.26047 -0.44187
-0.21466 -0.25959 0.05996
0.39943 0.27017 0.61715
0.08616 0.02274 -0.06299
0.13685 0.53205 -0.29542
0.31107 0.24326 0.38962
0.19765 0.32621 -0.06251
0.46501 0.29843 0.61833
0.38024 0.08485 0.68239
0.04683 0.16879 -0.46488
0.23903 0.17371 0.34612
0.39525 0.27772 -0.09953
-0.08341 0.34074 -0.46011
-0.43305 -0.62360 -0.03731
-0.42225 -0.26503 -0.59052
0.32780 0.28195 -0.20897
-0.01863 -0.08265 0.18861
-0.24076 -0.19469 0.16337
-0.05491 -0.28263 0.85288
0.23814 -0.08316 0.52476
0.53358 0.38894 0.25404
0.31294 0.37507 -0.01151
-0.44530 -0.21745 0.20976
0.23123 0.15941 -0.24581
-0.33938 -0.15225 -0.09976
0.28301 0.29108 0.18324
-0.14855 -0.19448 0.43236
-0.25909 0.01112 -0.36196
-0.06932 0.08453 -0.06371
0.32549 0.04005 0.69495
0.33779 0.10072 0.50729
-0.02323 -0.05609 0.09233
-0.08697 0.27195 -0.60206
-0.02181 -0.12597 0.29503
0.29393 0.32940 -0.14694
-0.06034 -0.30741 0.79524
-0.36157 -0.45177 -0.31959
0.05463 0.01180 0.25812
0.13685 -0.02594 0.39080
-0.08914 0.22182 -0.33407
0.34663 0.23308 0.14648
-0.14688 -0.02068 0.06095
0.20311 0.05593 0.42730
0.42559 0.32966 -0.00398
0.18567 -0.09347 0.42350
-0.41626 -0.59174 -0.17354
0.41503 0.41479 0.23219
0.31540 0.10409 0.60703
0.03004 -0.04137 -0.07249
-0.41335 -0.36130 -0.14807
0.26661 0.07460 0.38609
0.33492 0.34295 -0.44043
-0.01003 -0.14065 -0.32056
-0.41801 -0.62323 -0.10261
-0.09872 0.04277 -0.01519
0.48432 0.42126 -0.02724
0.54515 0.47580 0.16332
0.33658 0.38714 -0.07470
-0.07015 -0.04142 0.20707
-0.26324 0.19266 -0.64080
-0.09578 0.39160 -0.60961
-0.13695 -0.21199 -0.03447
-0.31648 -0.08925 0.24983
-0.55480 -0.68963 0.01533
0.05762 -0.04713 -0.16076
-0.32111 -0.17588 0.24160
0.44045 0.45894 0.15195
0.04558 0.00193 0.12168
-0.30764 -0.01580 -0.49840
-0.41418 -0.30869 -0.10702
0.33610 0.21753 -0.03371
-0.06971 -0.19988 -0.12164
0.29577 0.01838 0.63985
-0.25417 -0.06388 -0.60372
0.05617 -0.21102 0.53624
0.20889 -0.14824 0.63961
0.36654 0.23288 0.57726
-0.40665 -0.35669 -0.55001
-0.41279 -0.44902 -0.17328
-0.19704 -0.03243 0.03357
-0.04399 -0.21503 0.57235
-0.03320 0.04918 0.07086
0.18715 0.22194 0.12284
-0.14801 -0.29417 0.86329
-0.11927 -0.28093 0.76753
0.41933 0.34030 0.51495
0.32608 0.38635 -0.34433
-0.36515 -0.10938 0.27178
-0.06802 -0.14392 -0.02916
-0.44334 -0.31935 -0.68980
0.25466 0.13459 0.42871
-0.35489 -0.17923 -0.28207
0.00940 -0.10643 0.42491
-0.17850 -0.23743 0.58807
-0.02023 0.06225 -0.44544
0.12412 -0.05387 0.30390
-0.43797 -0.50292 -0.10976
0.25288 -0.03654 0.62550
-0.39324 -0.16771 -0.60655
-0.34321 -0.27295 0.18868
0.07506 0.41325 -0.28944
-0.22151 -0.41084 -0.14617
-0.51728 -0.63233 0.05632
-0.03266 0.29040 -0.58136
0.01663 -0.19206 0.47143
-0.43456 -0.41227 -0.07509
0.31092 0.26203 -0.30098
0.43624 0.41970 0.29595
0.47619 0.33287 0.56811
0.21319 -0.00230 0.38158
0.07239 0.32910 -0.21566
-0.01789 -0.31612 0.88606
-0.17794 -0.18484 -0.48001
0.49799 0.48178 0.25189
0.24944 0.20813 0.30256
-0.37583 -0.37423 0.15850
-0.20244 -0.47651 -0.31685
0.17098 0.07686 0.35003
-0.26719 -0.30571 -0.52561
-0.38325 -0.21709 -0.01531
-0.09507 -0.24027 0.71497
0.08628 -0.00650 -0.23509
-0.05242 -0.44081 -0.41446
0.43229 0.33643 -0.06923
-0.30055 0.06809 -0.67194
0.04149 0.00519 -0.32564
0.17855 0.38677 -0.46404
0.10876 0.26378 -0.08820
-0.43655 -0.36240 -0.61398
0.17425 0.08832 -0.10733
0.24404 0.25365 0.18195
0.40195 0.29791 -0.16012
0.23618 -0.16578 0.72184
0.24170 0.05192 0.49638
0.11884 0.39422 -0.55171
-0.10423 -0.30278 -0.21984
-0.28718 -0.51403 -0.18329
-0.42394 -0.33117 -0.04792
-0.28383 0.07272 -0.57632
-0.05200 -0.10272 -0.37624
0.31229 0.01315 0.56833
-0.08934 -0.10342 0.09332
0.40328 0.23903 0.45339
-0.09095 -0.10718 0.38836
0.49197 0.46093 -0.08757
0.04763 0.32476 -0.55954
-0.15552 0.34099 -0.55793
-0.09922 -0.00539 -0.46675
-0.47193 -0.36326 -0.69678
-0.40475 -0.33233 -0.20765
0.26444 -0.06693 0.57510
0.13676 -0.19869 0.72104
0.45009 0.40785 0.40250
-0.34208 -0.18946 -0.63338
-0.12289 -0.11943 0.19189
-0.13060 0.09383 -0.19742
-0.17583 0.17983 -0.43016
-0.17035 0.09689 -0.62485
0.01417 -0.03943 0.00221
0.14741 0.42750 -0.17684
0.27423 0.17272 0.05738
-0.47656 -0.55560 -0.03307
0.39133 0.19179 0.50609
-0.03462 0.30245 -0.35609
-0.38695 -0.26068 0.22938
-0.21404 -0.43452 -0.47249
-0.18636 0.02108 -0.15088
0.19649 0.45522 -0.65680
-0.34843 -0.16020 -0.39073
-0.23417 0.01069 -0.25416
-0.10898 0.10132 -0.56398
0.16662 0.18669 0.15485
-0.37984 -0.10643 -0.65477
0.24075 0.09977 0.32860
-0.33063 -0.13678 -0.15130
0.03120 0.06115 0.15475
-0.44455 -0.32672 0.05004
-0.20033 -0.00081 -0.60632
0.09203 -0.16163 0.56598
0.44869 0.45451 0.20253
-0.03862 -0.18990 -0.18883
-0.41190 -0.16780 0.22545
0.52670 0.49706 0.03630
0.07782 0.11592 -0.39431
0.42058 0.29554 0.33826
-0.15083 -0.05507 0.23638
0.13097 -0.08095 0.49507
-0.08003 0.04544 -0.48903
0.35257 0.16742 0.66111
-0.12505 -0.26941 -0.14219
-0.27006 -0.08114 0.15097
0.32107 0.16261 0.54306
-0.14155 0.41398 -0.61014
-0.47472 -0.65555 -0.03694
0.44336 0.31989 0.26574
-0.44542 -0.46431 -0.07420
-0.33336 -0.56220 -0.20411
0.50867 0.37477 0.35806
-0.23293 -0.02938 -0.13714
0.26127 -0.13441 0.68944
-0.26849 -0.05222 -0.21118
-0.43456 -0.31766 -0.59017
-0.22875 0.09546 -0.42699
0.39703 0.42874 -0.05164
0.13091 0.08417 0.27926
-0.29874 -0.03976 -0.39735
-0.01662 -0.03881 -0.36331
-0.21175 0.04741 -0.68200
0.00753 0.41950 -0.45030
0.05801 0.43930 -0.59037
-0.16551 -0.06761 0.31960
-0.46443 -0.62945 0.00861
0.47171 0.38134 0.14293
-0.01807 0.10325 -0.01950
-0.14878 0.26244 -0.47930
-0.20401 0.23841 -0.55684
-0.10877 -0.29659 0.93250
0.00797 0.13907 -0.48139
0.11422 0.01778 0.19964
-0.22676 -0.06178 0.13409
-0.33045 -0.14298 0.00477
-0.02451 -0.35562 -0.36178
-0.19751 -0.11872 0.44118
0.31273 0.18988 0.26943
0.18009 0.02864 0.32445
0.02010 0.23382 -0.52779
-0.22777 -0.05840 0.24066
0.19611 0.32836 -0.50369
-0.19915 0.32436 -0.61974
0.25513 -0.00312 0.58484
0.22396 0.00198 0.53029
-0.07680 -0.12838 0.26503
-0.33134 -0.02299 -0.60305
0.16852 0.44526 -0.61676
0.13910 0.42642 -0.39290
-0.37545 -0.34988 -0.44314
0.39640 0.35939 -0.15636
0.17437 0.48646 -0.27599
0.01551 0.14435 -0.04587
-0.01149 -0.37119 -0.44778
0.30107 0.30709 -0.39177
0.44662 0.29557 0.51842
0.31306 0.26828 0.34419
0.27023 0.16754 0.24378
0.22523 0.38683 -0.15195
0.09657 0.15145 0.08830
-0.29605 -0.09771 -0.61880
0.46578 0.33638 0.45459
0.21743 0.11834 -0.13940
0.11134 0.03689 -0.25213
0.41461 0.20358 0.60673
-0.38942 -0.33594 -0.35509
-0.31577 -0.11846 0.05738
0.42894 0.32473 0.10104
-0.11028 0.23670 -0.38745
-0.33161 -0.12751 -0.24700
-0.22287 -0.27888 -0.50255
-0.08279 0.02957 0.03816
-0.21614 -0.38952 -0.49215
-0.13627 -0.47488 -0.40174
0.06332 0.36343 -0.26754
-0.43153 -0.31453 0.21897
-0.33656 -0.26818 -0.59835
-0.02617 0.18743 -0.53865
0.23728 0.14583 0.03951
0.33510 0.32504 -0.26290
0.36944 0.38353 0.18011
-0.51903 -0.69369 -0.01986
0.09921 -0.09668 0.43999
-0.28777 0.11538 -0.67299
0.02930 0.42035 -0.63667
-0.04278 0.16598 -0.17449
-0.12197 -0.26174 0.62033
-0.48353 -0.38911 0.12715
-0.01024 -0.30216 -0.37400
-0.18826 0.07222 -0.29199
0.25967 -0.00554 0.46664
0.31567 0.31980 0.20514
0.27788 0.04149 0.44842
-0.19912 -0.17747 0.13819
-0.05764 -0.05431 0.28604
-0.01662 -0.23390 -0.35710
0.04502 -0.23207 0.60952
0.08233 0.20902 -0.47003
-0.48113 -0.50757 0.00658
-0.35623 -0.09334 -0.55541
-0.24165 0.13532 -0.67526
0.29499 0.18389 -0.03343
-0.23681 -0.20868 -0.51436
-0.45858 -0.39899 0.03071
0.36499 0.12987 0.70538
0.46649 0.39734 0.50148
-0.22709 -0.08331 -0.56672
-0.07819 0.30744 -0.42561
-0.18304 0.27997 -0.65122
-0.09949 0.06671 -0.52763
-0.21869 -0.45532 -0.21149
0.10991 0.12186 -0.35778
0.50143 0.36615 0.28503
-0.27258 0.02505 -0.67077
-0.26084 -0.51683 -0.26465
-0.33606 -0.07985 -0.65564
0.20343 -0.11570 0.53483
-0.03281 -0.20487 0.48747
-0.15824 -0.35863 -0.18958
0.16312 0.08769 -0.03162
-0.10684 -0.20812 -0.08335
0.07669 0.19570 -0.03347
0.44211 0.47541 0.06518
-0.39769 -0.54633 0.03105
-0.31734 -0.09129 -0.34035
-0.12888 0.35934 -0.62138
0.19365 -0.13947 0.58904
0.43271 0.34160 0.04519
-0.27404 -0.39476 -0.02668
0.33596 0.22580 -0.12202
0.38048 0.27157 0.09034
0.24600 0.36419 -0.07571
0.06614 -0.16610 0.52416
-0.40081 -0.55273 -0.19574
0.34737 0.40171 -0.44495
0.12949 -0.12859 0.58322
-0.38779 -0.50351 0.05865
-0.38215 -0.45297 0.10160
0.10383 0.29206 -0.12896
-0.34570 -0.36762 -0.58321
-0.36963 -0.15612 0.15410
0.01521 -0.13131 0.46469
-0.02341 -0.18027 0.42813
0.32012 -0.06889 0.70200
-0.32737 -0.08115 -0.42371
-0.47072 -0.57527 0.06891
-0.13069 -0.03810 -0.48072
-0.02175 -0.22840 -0.27474
0.56475 0.40633 0.38198
0.36950 0.10130 0.59108
-0.40766 -0.21641 -0.61305
-0.40178 -0.25716 -0.52349
-0.00558 -0.08300 0.37407
0.08906 -0.16192 0.42730
0.27755 0.34419 0.03245
0.14319 0.07497 0.14523
0.54752 0.49165 0.27528
-0.33781 -0.44917 -0.38149
0.19566 0.18899 -0.34052
0.17098 0.35989 -0.13263
-0.05224 -0.23456 0.66258
0.47325 0.50051 -0.04841
-0.24319 -0.10983 0.36162
-0.08644 -0.16478 0.48518
-0.27184 0.22330 -0.68008
-0.43933 -0.38570 -0.02698
0.09606 -0.27220 0.76494
-0.05197 0.01402 0.12368
0.21260 0.20438 0.22567
0.08218 0.29075 -0.52520
-0.03183 -0.00359 -0.40024
-0.40282 -0.21525 0.10623
0.23330 0.14215 0.38002
-0.27540 -0.48187 -0.38275
-0.06870 -0.28413 0.72758
0.07242 0.04000 -0.32604
-0.12069 0.17734 -0.60472
0.24813 0.37792 -0.43632
0.17644 0.13947 -0.31022
-0.17975 -0.04653 0.13635
0.42022 0.43366 -0.09285
-0.32381 -0.42094 0.05592
0.48129 0.41466 0.06856
-0.34635 -0.55904 -0.10832
-0.02225 -0.12368 -0.11941
-0.24165 0.11369 -0.48800
0.18863 -0.08587 0.59716
-0.28148 -0.44371 -0.45807
0.06169 0.00965 0.01594
-0.11304 0.08892 -0.15493
-0.00801 -0.08024 -0.07092
0.39984 0.39642 -0.45707
-0.12989 -0.42735 -0.45877
-0.18283 -0.08648 0.38058
-0.25316 -0.06351 -0.02760
0.39623 0.27975 0.24536
-0.10957 -0.15760 0.34594
-0.11085 0.12676 -0.22302
-0.16219 0.19613 -0.63415
0.10585 0.10128 0.20861
0.33676 0.35821 -0.48579
0.05629 0.04442 0.21686
0.02476 0.33790 -0.30863
-0.03002 -0.01914 0.20415
-0.04029 -0.15032 0.35088
-0.09860 -0.37357 -0.30191
-0.14540 -0.23743 -0.45414
-0.44453 -0.27117 0.11873
-0.30702 -0.34544 -0.55861
-0.14973 0.04056 -0.11123
0.38344 0.27172 0.20203
-0.19659 -0.13711 0.26659
0.16772 0.43079 -0.33991
0.32270 0.29739 -0.16623
0.14162 0.21459 0.04941
0.20539 0.12682 0.15463
0.15675 -0.06519 0.33381
0.23452 0.40513 -0.19609
0.05288 -0.04477 -0.25873
-0.16432 -0.21713 0.47849
0.30161 0.20595 0.43185
-0.39923 -0.42899 -0.22305
-0.18731 -0.17622 0.40075
0.23306 0.39117 -0.28852
0.50855 0.38891 0.51695
0.54307 0.51677 0.07927
0.36191 0.26900 0.49206
0.15983 0.07055 0.24382
0.41174 0.38793 0.32346
0.13047 0.42467 -0.63988
0.52448 0.52515 0.18042
0.18380 0.11095 0.21450
0.51098 0.43489 0.15055
-0.28305 0.01139 -0.46585
-0.14665 -0.44549 -0.33068
0.44422 0.36265 0.54937
0.09520 0.45265 -0.33383
-0.35688 -0.39994 -0.46384
-0.38126 -0.17948 -0.53574
0.13432 -0.16022 0.64754
-0.10153 -0.08769 -0.41720
-0.20069 0.07912 -0.34215
0.07290 0.16007 0.02668
-0.38025 -0.19047 0.06334
-0.46404 -0.26153 0.20366
0.44602 0.32977 0.19089
0.33613 0.12993 0.45172
0.21883 0.42747 -0.24735
-0.35546 -0.48608 0.02904
-0.21193 -0.02831 -0.07082
-0.37109 -0.38787 -0.54643
0.39311 0.40301 -0.36874
0.11172 0.38290 -0.59456
0.21844 0.25577 0.11824
-0.25156 0.00864 -0.31488
0.33002 0.01619 0.61099
-0.20193 -0.34360 -0.09399
-0.05019 -0.29861 -0.43386
-0.28652 -0.19887 0.19230
0.49215 0.45703 0.35419
0.19032 -0.16134 0.72983
-0.27754 -0.37171 0.02999
-0.09735 0.37903 -0.50602
-0.08264 -0.23765 -0.42113
0.28340 0.25976 -0.33601
-0.32710 0.00401 -0.64560
-0.05286 -0.32767 0.85285
0.46519 0.40104 -0.10697
-0.37073 -0.23784 -0.39215
0.22636 0.27499 -0.41729
0.31066 -0.00503 0.71306
-0.16578 0.16184 -0.38817
-0.06336 -0.26499 0.80820
-0.23465 -0.02608 -0.61873
-0.42388 -0.27946 -0.67731
0.09912 0.01196 -0.13499
-0.18675 -0.21286 0.08125
0.25744 0.14889 -0.07598
-0.11571 -0.12617 0.24394
0.33465 0.21482 0.24016
-0.27451 0.06161 -0.52156
0.02254 -0.30448 0.84981
-0.02804 -0.25217 0.74496
-0.38767 -0.35248 -0.62908
-0.05609 0.41453 -0.60144
-0.39188 -0.27800 -0.29189
0.40640 0.21149 0.69362
0.27073 0.17462 0.10811
-0.33339 -0.14347 -0.05429
0.33705 0.08632 0.69096
0.00809 -0.10813 -0.29144
-0.27861 -0.09121 0.05121
0.28233 -0.02646 0.55282
-0.43833 -0.58513 -0.13187
-0.19307 0.18259 -0.47371
-0.00968 -0.20635 -0.32357
0.26584 0.09134 0.49817
-0.09866 -0.27460 0.86860
-0.16329 -0.17723 0.10526
-0.39390 -0.20447 -0.66926
-0.18799 0.13303 -0.64507
-0.00235 -0.30687 0.78073
-0.20600 -0.05185 0.31111
0.27127 0.35853 -0.48951
-0.28816 -0.33329 0.10159
-0.38022 -0.23756 -0.25134
-0.00107 0.45959 -0.61621
0.29416 0.18627 0.15692
-0.43699 -0.27378 -0.63286
-0.07540 -0.24483 0.56609
-0.15222 -0.02232 -0.51536
-0.38615 -0.40947 -0.28127
0.36256 0.03795 0.67194
-0.41976 -0.49557 -0.15205
-0.30574 -0.25807 -0.56856
0.13056 0.01313 0.35038
-0.44183 -0.51332 0.11039
0.27405 0.37667 -0.28507
0.14841 0.10673 -0.30359
0.30093 -0.05738 0.63606
-0.07932 0.19813 -0.58330
-0.15329 0.23981 -0.63313
-0.00214 0.38828 -0.41766
-0.32482 -0.52572 -0.09057
0.29526 0.01442 0.52329
0.42161 0.30739 0.61431
-0.29522 -0.54674 -0.27273
0.09870 -0.01384 0.32820
-0.06695 -0.34357 -0.30270
0.35153 0.31678 -0.33878
-0.04791 -0.10598 -0.00737
0.28565 -0.11060 0.75473
0.12688 -0.10760 0.54266
0.37935 0.38225 0.22267
0.00029 0.15153 -0.08645
-0.46200 -0.39607 0.19313
-0.49685 -0.65339 -0.07951
-0.08255 -0.08176 0.33759
0.23698 -0.12068 0.62212
0.04291 0.20800 -0.11826
0.16731 0.49620 -0.21400
0.37170 0.40422 -0.40602
0.20833 -0.17138 0.68929
0.06311 -0.23246 0.72973
0.33186 0.23113 -0.16739
-0.29958 -0.10227 0.30127
0.24324 -0.08470 0.67438
0.36304 0.30342 0.42273
-0.19876 -0.47078 -0.40193
0.02455 -0.26874 0.79556
-0.23607 0.04122 -0.34206
0.32157 0.35468 0.10735
0.27471 0.36804 -0.22094
0.07797 0.43264 -0.49638
-0.01202 0.24560 -0.55343
-0.39704 -0.61422 -0.14271
0.18338 0.16568 0.24102
0.55948 0.46626 0.35247
-0.05369 -0.12315 0.43805
-0.10575 -0.28091 0.70668
0.23478 0.28402 0.09077
-0.22626 -0.33542 -0.03515
-0.23963 -0.45288 -0.14338
-0.13164 -0.15061 -0.42968
0.30988 0.06264 0.63388
-0.16904 -0.18542 0.50885
-0.05084 -0.15381 -0.37956
-0.24432 -0.01273 -0.21749
0.35461 0.39746 0.02816
0.28141 0.16551 -0.14627
-0.46078 -0.46490 -0.02640
0.44582 0.35801 -0.03349
-0.24091 0.15779 -0.54860
-0.14152 0.10475 -0.59473
0.34987 0.28513 -0.29281
-0.01045 0.03054 -0.41353
0.31825 -0.03665 0.74714
0.40343 0.34305 0.45972
0.31629 0.14476 0.37771
0.19373 -0.02107 0.51168
-0.29788 -0.41739 -0.52021
0.18501 -0.01118 0.34621
-0.34825 -0.13362 -0.64749
-0.31986 -0.22240 0.20342
-0.14244 -0.22694 0.60778
0.14017 0.05664 0.32534
0.21954 0.12989 -0.02938
-0.11438 -0.04874 0.21600
0.30466 0.07855 0.46311
-0.07970 -0.26543 0.64183
-0.05345 -0.08534 0.08041
-0.12508 -0.16693 0.03731
-0.29086 0.02046 -0.51192
0.22784 -0.06652 0.48217
-0.24206 -0.27387 0.09264
0.48369 0.35598 0.40545
0.04944 0.09455 0.11895
-0.14110 -0.08476 -0.45515
0.13192 0.10865 0.24505
-0.45713 -0.62076 -0.11790
-0.35222 -0.17978 -0.32405
0.17588 -0.14185 0.67260
0.37493 0.08987 0.63833
0.17535 0.39886 -0.15839
0.26652 0.26312 0.21613
0.39729 0.16641 0.58930
-0.15991 0.10430 -0.29116
0.24232 0.31998 0.01655
0.17093 0.10064 0.16966
-0.03394 -0.29754 0.75479
-0.10803 0.42116 -0.56017
-0.08552 -0.00967 0.13214
0.43487 0.24380 0.60884
0.12581 0.17151 -0.39804
0.04878 0.21312 -0.49474
-0.38654 -0.42314 0.13265
0.61186 0.42749 0.30310
-0.14149 -0.40192 -0.27682
0.09574 -0.07970 0.39008
-0.24595 -0.15837 0.31016
0.39504 0.28794 0.00224
-0.45909 -0.36141 0.06826
-0.09394 -0.30834 0.82727
-0.52532 -0.62105 0.01177
-0.05968 0.23619 -0.30819
-0.25387 0.05245 -0.43945
-0.25506 -0.23022 0.14677
-0.54285 -0.70545 -0.05787
-0.35575 -0.32683 0.16089
0.08417 0.43095 -0.55678
0.28257 -0.01974 0.66520
-0.45829 -0.35843 -0.64925
-0.10684 0.30682 -0.61634
-0.16438 -0.26824 -0.07267
0.02431 -0.01715 0.26546
0.15506 -0.13990 0.44259
-0.35026 -0.16432 -0.24356
0.01625 -0.24126 0.72507
-0.02483 -0.06542 0.13259
0.45362 0.32504 0.34788
-0.17809 -0.10006 -0.48797
0.30917 0.16507 0.32424
0.51715 0.49547 -0.00611
0.14132 0.06719 0.00084
0.57389 0.51637 0.19356
0.16965 0.09349 -0.22348
-0.17877 0.26501 -0.53390
0.42414 0.37667 0.41005
0.13501 0.26584 -0.47546
-0.48721 -0.34785 0.21213
-0.09281 -0.23373 -0.12618
0.46987 0.44760 0.32082
0.36114 0.38106 -0.32336
-0.16059 -0.05295 0.19648
0.41387 0.30416 0.14019
0.41986 0.31056 -0.10221
0.08616 0.03550 0.26974
0.35257 0.29390 -0.24253
0.21396 -0.03309 0.40878
0.37706 0.35476 0.30637
-0.23201 -0.05979 0.08099
-0.07698 -0.10334 0.16844
0.32436 0.23424 -0.25687
0.38347 0.25963 0.29954
-0.12348 -0.33822 -0.22704
-0.17554 -0.11462 0.18521
0.47755 0.43881 0.38781
-0.37583 -0.37472 -0.37295
0.55034 0.51877 0.12663
-0.10975 0.18233 -0.31163
0.19913 0.14536 -0.27196
0.46302 0.50135 0.03065
0.02360 -0.25000 0.65684
-0.11343 -0.44904 -0.36060
0.02639 -0.09188 0.26142
0.38605 0.23467 0.39303
-0.25286 0.23207 -0.64077
0.14916 0.32763 -0.51953
0.27592 0.07491 0.53405
-0.05016 0.44664 -0.54224
-0.05781 0.13854 -0.14851
-0.38672 -0.30806 -0.44694
-0.02709 0.14747 -0.11620
0.28013 0.37770 -0.35794
-0.17038 -0.26810 0.67487
0.05774 -0.18269 0.57118
0.02678 -0.16560 0.50046
-0.35113 -0.05064 -0.63188
0.09909 0.35796 -0.20575
-0.31064 -0.10632 -0.18735
-0.01395 0.19434 -0.17725
-0.37503 -0.25613 -0.66613
0.17140 0.40579 -0.60817
-0.21878 -0.15975 0.16881
0.54565 0.44823 0.48090
-0.03785 0.34988 -0.59436
-0.07858 -0.42799 -0.45066
-0.25692 0.02963 -0.40295
0.27225 0.13246 0.32306
0.09675 0.45026 -0.65020
0.25727 0.35310 -0.13975
-0.44174 -0.64051 -0.07383
-0.47982 -0.32631 0.17532
0.40874 0.44432 -0.01501
0.31709 0.29653 0.28557
0.36321 0.24361 0.25041
0.06818 -0.04712 0.23620
-0.12600 -0.13264 0.10600
0.08865 0.42044 -0.42423
0.31917 0.20806 0.17974
-0.27012 -0.50790 -0.21986
-0.10898 -0.28263 -0.17664
0.44718 0.36224 -0.11234
0.36748 0.25204 -0.02517
0.07038 0.41794 -0.34495
-0.01884 0.01236 0.18192
0.36473 0.01368 0.71486
0.11703 0.21873 -0.00289
0.11321 0.50199 -0.30728
-0.12933 0.04226 -0.54885
0.30194 0.20129 0.07738
-0.05242 0.11186 -0.09238
0.06993 0.21360 -0.07340
-0.18568 -0.38796 -0.17130
0.25154 0.15944 0.20565
0.07447 -0.21547 0.68219
0.05777 -0.17762 0.45024
0.04864 -0.13031 0.34897
-0.40801 -0.35148 0.19108
0.01995 0.45713 -0.57894
0.16725 0.17165 0.19166
-0.19132 -0.29260 -0.48266
-0.14155 0.13563 -0.30882
0.17398 -0.13161 0.51345
0.03763 -0.00128 0.05400
-0.13105 0.03939 -0.06095
0.11985 0.03396 -0.16709
-0.42418 -0.41039 -0.13052
0.21791 0.28657 0.04723
0.24078 0.14135 0.24815
-0.12138 0.26883 -0.62150
0.32899 0.19705 0.51735
-0.00760 -0.22630 0.54980
-0.36720 -0.54623 -0.24799
0.08797 -0.08306 0.30565
0.26510 0.17707 -0.23534
0.29235 0.37828 -0.32029
-0.09818 -0.14128 0.06570
0.11419 -0.12022 0.36703
0.15882 0.10490 0.29804
0.30377 -0.09997 0.72008
-0.27650 0.13541 -0.63458
0.25875 -0.09150 0.60685
-0.47519 -0.47513 0.13906
0.01500 -0.04838 -0.03671
0.43825 0.36051 0.48686
0.17291 0.46666 -0.18848
0.32371 0.06627 0.52809
0.39213 0.24200 0.64372
0.01094 -0.05261 0.31856
0.10647 -0.24605 0.79316
0.11674 0.29246 -0.50641
-0.09403 -0.18421 0.42018
0.39273 0.41612 0.13899
0.00468 -0.00436 0.21514
-0.35694 -0.15916 -0.44256
0.00254 -0.11795 -0.15900
-0.00769 -0.22446 0.65254
-0.42744 -0.31746 -0.01046
0.16921 0.24238 0.04748
0.06445 -0.28096 0.82573
0.36689 0.35555 0.26854
-0.03201 0.32900 -0.38478
-0.03880 -0.29353 -0.29035
-0.05259 0.19816 -0.24541
-0.25428 -0.40065 -0.06353
0.26581 0.12174 0.46997
0.26700 0.19726 0.36986
0.27551 0.16947 0.01717
-0.22631 -0.13368 0.23684
-0.25322 -0.03878 -0.17383
0.34909 0.38228 0.07726
-0.43444 -0.43684 0.15878
0.33115 0.22065 0.05291
-0.11595 -0.27409 0.66968
0.28954 0.38051 -0.06834
-0.03468 0.08070 -0.47654
-0.16613 0.05951 -0.20169
0.28503 -0.10400 0.68450
0.05614 -0.19480 0.60955
-0.33532 -0.55627 -0.16488
-0.07235 -0.01995 -0.42407
-0.30984 -0.51993 -0.31904
-0.01866 -0.28481 0.83903
-0.07792 -0.13625 0.01032
0.03870 -0.27607 0.73104
0.18374 0.09609 0.26475
-0.31171 -0.27488 0.16621
0.52415 0.40128 0.21859
-0.05684 -0.24457 0.71075
0.37606 0.40843 0.06226
-0.31393 -0.12226 -0.02343
0.10573 0.42263 -0.47136
-0.05909 0.15721 -0.54854
0.04564 0.26280 -0.52717
0.05273 -0.01897 -0.28748
0.45377 0.30056 0.55605
-0.22068 -0.38725 -0.11560
-0.22249 0.29702 -0.63552
0.39017 0.20673 0.46988
-0.16513 -0.01509 0.01782
-0.17755 -0.01056 -0.02002
0.17140 0.40518 -0.36846
0.43490 0.29611 0.42281
-0.27264 0.11055 -0.58821
0.13510 -0.02116 0.26917
-0.14751 -0.20018 0.01168
-0.36587 -0.42622 -0.34805
-0.35498 -0.11953 -0.49312
-0.37809 -0.22742 -0.46030
0.06053 -0.06295 0.37431
-0.20357 -0.16310 0.36427
-0.21602 -0.10738 0.39931
0.33848 0.19934 0.31054
0.36194 0.20799 0.36442
0.47634 0.36784 0.19537
0.20815 0.31414 -0.02769
0.28073 0.30351 0.14461
-0.30349 -0.09816 0.14326
0.00809 -0.15217 -0.26476
0.41031 0.18409 0.66477
0.21251 0.15988 0.30626
0.48684 0.36305 0.53795
0.58831 0.39753 0.30629
-0.50435 -0.55031 0.08745
0.52480 0.40584 0.44480
0.25110 0.32469 -0.46327
0.39317 0.35334 -0.37477
-0.36975 -0.12947 0.23525
-0.28525 -0.49787 -0.34950
-0.39217 -0.36063 -0.30699
-0.02640 -0.13619 -0.35477
-0.49821 -0.49870 0.07170
-0.11011 -0.13879 0.29260
-0.17530 0.34732 -0.59877
-0.32606 -0.38938 0.09104
0.20871 0.37735 -0.38421
0.35903 0.13222 0.50968
-0.03679 0.27694 -0.32793
-0.34504 -0.41807 -0.42785
-0.04981 -0.08001 0.36062
-0.19087 -0.05349 0.23302
0.14192 0.40120 -0.47424
-0.13324 -0.11999 0.45024
0.23191 0.25105 -0.37950
-0.55400 -0.68253 -0.02917
0.29289 0.33846 -0.18369
0.30523 0.34576 -0.46896
0.41651 0.44839 0.05437
0.29609 -0.07013 0.74524
0.44419 0.32266 0.22803
0.30511 0.35281 -0.25634
0.24279 0.18345 -0.27261
0.48129 0.41941 -0.06488
-0.41724 -0.38669 -0.63553
0.00664 0.23062 -0.19810
0.44976 0.33463 0.62372
0.17751 0.09604 -0.07053
0.04641 0.12822 -0.44115
-0.02608 -0.27471 0.70912
0.04276 0.29347 -0.22420
0.09852 0.11676 0.15953
-0.13039 -0.32176 0.89457
-0.25055 -0.13442 -0.55441
0.23820 0.14130 -0.16264
-0.18820 -0.14551 -0.48520
-0.14766 -0.21875 0.55930
0.00883 0.06754 -0.42213
0.47663 0.47933 0.20685
-0.36094 -0.27635 -0.62579
0.33865 0.24478 -0.22373
-0.02379 0.11176 -0.49468
-0.27792 -0.07501 -0.10227
-0.47516 -0.44065 0.04947
0.39973 0.31037 0.52906
-0.10975 0.00678 0.05100
0.32872 0.21405 -0.07629
0.08856 0.35423 -0.56760
0.60818 0.44931 0.26445
-0.28113 -0.00193 -0.64614
-0.25506 0.04711 -0.69555
-0.17067 0.01719 -0.58481
0.16381 0.02604 0.29076
0.03212 -0.07970 -0.16069
-0.34771 -0.36538 0.13535
0.33907 0.14783 0.63218
-0.02442 -0.42381 -0.43261
0.28521 0.12267 0.50482
-0.37557 -0.24125 -0.34092
0.20575 0.06645 0.32774
0.01779 0.44364 -0.51811
0.22598 0.12864 -0.10144
-0.00736 -0.35440 -0.39567
-0.41223 -0.50300 0.09018
-0.20724 -0.15693 0.42936
0.20512 -0.10807 0.65235
-0.14635 -0.15672 0.33991
0.42660 0.38989 0.37529
-0.47324 -0.27266 0.24799
0.34037 0.01471 0.74303
0.29455 0.18571 -0.18151
-0.12393 -0.32605 -0.46273
-0.22281 0.27111 -0.66513
0.15610 -0.10260 0.58219
0.08909 -0.23637 0.75607
0.02070 0.38149 -0.60919
-0.05440 -0.24975 0.59639
0.50104 0.45494 -0.00547
-0.07469 0.23578 -0.59123
0.13082 0.46364 -0.61962
0.23481 0.23198 0.21422
-0.34546 -0.13120 0.16728
-0.47783 -0.61553 0.04032
-0.38669 -0.22502 0.24737
0.36031 0.29436 -0.15922
0.07121 -0.02086 0.21014
-0.47567 -0.35347 0.13387
0.07625 0.01553 -0.01956
0.28055 -0.13311 0.72574
-0.08068 -0.21634 0.48944
0.35980 0.17351 0.44647
-0.16845 0.13670 -0.36109
-0.28353 -0.04946 -0.29816
0.02817 0.37577 -0.35929
-0.04966 -0.16934 -0.11560
0.10288 0.04196 0.03838
-0.17515 -0.15452 0.48939
0.38670 0.41341 -0.08492
0.39035 0.12231 0.65958
-0.00867 0.27668 -0.28341
0.10923 -0.10808 0.48244
-0.01229 -0.14529 -0.18766
0.41064 0.40302 -0.13512
-0.13372 0.23049 -0.41536
-0.06232 -0.22162 -0.17347
-0.36216 -0.17853 0.00511
0.24202 -0.13215 0.65800
0.60690 0.44705 0.34235
0.24226 -0.00949 0.43406
-0.02234 -0.19429 -0.24249
-0.20205 -0.45288 -0.44074
0.43351 0.46243 0.09862
-0.18485 0.05832 -0.24970
0.17167 -0.12571 0.47305
-0.09922 0.26549 -0.40908
-0.26392 -0.01861 -0.29340
-0.04788 0.08667 -0.03330
0.22503 0.14146 0.12402
-0.20923 -0.21546 -0.49103
0.07859 0.28265 -0.15395
-0.08736 -0.29245 0.90296
0.42517 0.24241 0.54944
0.54159 0.39049 0.35396
-0.28736 -0.06943 -0.25532
-0.16020 -0.33841 -0.15904
-0.39701 -0.59756 -0.05057
0.28891 0.17562 0.44808
-0.27158 -0.46648 -0.09674
-0.23495 -0.06404 0.19328
0.34210 0.23837 0.48867
0.34218 0.19233 0.56561
0.28272 0.33283 0.07876
-0.00603 -0.28159 -0.34403
0.04315 -0.08892 -0.21652
-0.12241 0.06644 -0.12527
0.21177 0.38734 -0.44884
0.14079 -0.17878 0.50901
0.56576 0.47121 0.19590
-0.15694 -0.16667 -0.45056
0.15589 -0.02859 0.44329
-0.05621 0.11918 -0.52693
0.03431 -0.03870 0.17046
0.44920 0.36043 0.59314
-0.08964 -0.45688 -0.40004
0.08728 0.43342 -0.26159
-0.11601 -0.36804 -0.27035
-0.06039 -0.33570 0.88775
0.21248 -0.05877 0.59131
-0.05087 0.45218 -0.57897
0.19955 0.40936 -0.30482
-0.40558 -0.48678 -0.19867
0.35713 0.39455 -0.36143
0.21785 0.24052 0.15125
0.33329 0.26989 0.40052
0.00314 -0.05339 -0.32615
0.47233 0.34273 0.37358
0.50736 0.44759 0.10159
-0.01089 -0.13760 0.33188
-0.35658 -0.17582 -0.18569
-0.27783 -0.15707 0.28624
-0.37524 -0.35191 -0.40111
-0.16563 -0.41194 -0.24680
-0.12541 -0.24939 0.73253
0.04377 0.16314 -0.03327
0.40391 0.29112 0.17839
-0.33021 -0.44405 0.02886
-0.33081 -0.12478 -0.34227
-0.38663 -0.48410 -0.24145
0.06003 0.05575 -0.35855
0.48037 0.41167 0.00738
0.11060 -0.19370 0.61182
0.31706 -0.02394 0.62448
-0.04731 -0.20665 0.53741
-0.41492 -0.25516 0.05939
-0.22296 0.08010 -0.69755
-0.48789 -0.45563 0.07967
0.34675 0.31102 0.34209
0.15891 0.06632 -0.13132
-0.39995 -0.31066 -0.25972
-0.39689 -0.33617 -0.50445
-0.35308 -0.40169 -0.51854
-0.50654 -0.59028 0.06184
0.57309 0.44468 0.41750
-0.32912 -0.06452 -0.48198
0.40975 0.21949 0.52494
0.17247 0.32657 -0.09174
0.09612 0.03870 0.11830
-0.06817 -0.36124 -0.45791
-0.31313 -0.01051 -0.53633
0.35346 0.18449 0.39613
-0.25909 0.18931 -0.67626
0.48402 0.42385 0.47482
-0.14789 -0.28632 -0.46310
0.32884 0.21422 0.00121
0.29924 0.08546 0.58107
0.03369 0.01392 0.22543
0.11813 -0.16454 0.44802
0.24902 0.37397 -0.11187
0.16292 -0.11358 0.40462
-0.10136 -0.24095 0.53988
0.47797 0.46091 0.27852
0.13056 0.33406 -0.14104
0.31338 0.12575 0.57212
0.37321 0.33649 0.35392
0.50974 0.50066 0.21904
0.23627 -0.17220 0.75688
-0.49011 -0.54202 0.00563
-0.17812 -0.03428 -0.54022
-0.49364 -0.59630 -0.03126
0.45833 0.38046 0.05788
-0.18443 -0.37026 -0.48311
-0.38553 -0.27914 -0.41631
0.16004 -0.16826 0.70195
-0.39220 -0.25798 -0.48262
0.47841 0.51420 0.09347
0.38481 0.16054 0.53735
0.54251 0.47992 0.30844
0.25928 -0.05892 0.54088
-0.13226 0.29385 -0.48066
0.48334 0.50780 0.13759
0.34301 -0.01633 0.69568
-0.32766 -0.10176 0.21855
-0.26508 -0.30375 0.10267
-0.07211 -0.27217 -0.22730
0.30733 0.16362 0.50541
-0.31358 -0.11945 -0.07132
-0.40626 -0.25548 -0.01250
-0.20333 0.20047 -0.52352
0.09716 0.04206 0.07671
0.13284 -0.21014 0.68775
-0.09358 -0.29611 0.79062
-0.11387 0.21345 -0.36100
0.31774 0.23803 0.42398
0.28224 0.38226 -0.41366
0.08482 0.00192 0.29972
-0.36667 -0.59338 -0.18769
0.41506 0.28834 0.37670
-0.46609 -0.31035 0.13948
-0.22035 0.24353 -0.59017
0.34987 0.35737 -0.12545
-0.07439 -0.16130 0.36592
0.13702 0.40037 -0.61404
-0.27098 -0.33406 0.06645
0.27836 0.00878 0.60857
0.21812 0.05173 0.45890
0.45308 0.49023 -0.00755
-0.30002 -0.45563 -0.03223
-0.34481 -0.14031 0.09832
0.19142 0.21100 -0.36760
0.18113 -0.19958 0.71741
0.01106 -0.25769 0.76504
-0.34938 -0.13961 0.26215
-0.11432 0.38802 -0.53685
-0.02916 0.43636 -0.60687
0.23852 -0.11765 0.71797
0.14634 0.21091 -0.42096
0.01260 -0.12670 -0.22232
-0.04883 0.25795 -0.57769
-0.41946 -0.28693 -0.03631
-0.04064 0.42715 -0.48679
0.02390 0.43648 -0.47615
-0.13733 0.11763 -0.26144
-0.21024 0.03795 -0.26459
0.02067 0.04273 -0.39112
-0.14531 -0.09377 0.36841
0.12409 -0.18134 0.56148
0.18166 -0.16964 0.64406
-0.37195 -0.20945 -0.16376
0.20937 -0.07033 0.45279
-0.04616 -0.39098 -0.36978
0.06931 0.17280 -0.00561
-0.19476 -0.45815 -0.28820
0.06628 -0.28794 0.77401
0.18463 0.05407 0.39780
0.35307 0.19723 0.59835
-0.12327 -0.10962 -0.43335
-0.12672 -0.29768 0.83593
0.36437 0.22532 0.31983
0.24404 0.21390 -0.30604
-0.27570 -0.22573 -0.54578
-0.15380 0.37999 -0.59325
0.51261 0.54020 0.08371
0.03419 -0.01471 0.02208
-0.52891 -0.68586 0.03825
-0.15282 -0.03326 0.10979
0.26771 0.23601 0.29283
-0.37987 -0.11424 -0.61304
0.38051 0.42518 -0.00802
0.10763 0.24494 -0.47953
0.06385 -0.15308 0.48822
-0.19926 0.35392 -0.65360
0.45519 0.31302 0.48721
-0.39045 -0.60287 -0.11065
-0.09175 -0.40996 -0.34290
0.00584 -0.26234 0.68763
0.51929 0.44939 0.45015
0.17843 -0.01529 0.47361
0.12691 0.18978 0.07026
0.01672 -0.21687 0.62936
-0.35940 -0.11474 -0.52699
-0.00879 -0.16300 0.39166
0.05857 -0.04293 0.34631
-0.28451 -0.07640 0.25051
0.36920 0.19621 0.67017
-0.20807 -0.00985 -0.12051
-0.06434 -0.31343 -0.27283
0.26492 0.30889 0.09843
-0.01943 -0.17360 0.49277
-0.41828 -0.60068 -0.01631
0.10644 0.18623 -0.43331
0.06717 -0.25962 0.79888
-0.23373 -0.14899 0.34974
0.18300 -0.08337 0.38843
-0.19188 0.14696 -0.41855
0.24822 0.13574 0.29154
-0.43450 -0.56626 0.04941
0.32685 0.37348 -0.10463
0.57695 0.50676 0.22634
-0.22373 0.23685 -0.66518
-0.16726 -0.24653 0.55500
0.30155 0.18491 -0.11930
0.37377 0.34933 -0.40900
0.04523 0.05671 0.18686
-0.22925 -0.05727 0.27486
-0.31082 -0.09910 -0.25815
-0.31992 -0.07868 -0.38471
0.02550 -0.18827 0.53906
0.12694 -0.09675 0.34564
-0.43539 -0.23377 0.25512
0.13367 0.36593 -0.53547
0.28180 0.07300 0.42215
-0.01676 0.04798 0.10227
-0.01673 -0.12266 0.43973
-0.34057 -0.54170 -0.27882
0.12219 0.43799 -0.19727
-0.01015 0.35886 -0.39288
0.01963 0.17600 -0.10021
-0.37070 -0.56162 -0.04062
-0.40069 -0.18095 -0.64554
-0.28110 -0.01921 -0.37666
-0.14766 -0.04098 0.14823
0.31976 0.32669 -0.41461
-0.39855 -0.38958 -0.23189
-0.13701 -0.06837 0.30095
-0.37666 -0.21069 -0.10605
-0.03883 0.18621 -0.20667
0.03348 0.11932 0.03776
0.16431 0.40101 -0.43584
-0.39351 -0.23548 -0.05078
0.19795 0.02342 0.45408
0.35995 0.28233 0.46082
0.04899 -0.11466 0.43639
0.38546 0.27565 0.05408
-0.23503 -0.36246 -0.50036
-0.24444 -0.18171 -0.53403
0.49633 0.52411 0.02264
-0.29397 -0.15547 0.24229
-0.40095 -0.19221 0.14336
-0.31185 -0.01239 -0.67111
0.28859 0.21497 0.38914
0.43294 0.42426 0.26211
0.20910 0.09616 0.30053
-0.20217 -0.26936 0.02595
-0.48851 -0.42522 0.10943
-0.22878 -0.24556 -0.50168
-0.02913 -0.20878 -0.37721
-0.39858 -0.18963 0.25881
0.23102 0.09868 0.42987
0.09150 -0.18003 0.46190
-0.02928 -0.26037 -0.28266
0.38347 0.13766 0.57796
0.16419 0.09877 0.09690
-0.24900 0.07773 -0.46126
0.27939 0.01098 0.49372
-0.10575 -0.20015 0.50517
0.25572 0.29172 -0.41401
-0.09103 0.35624 -0.61154
0.23467 0.34314 -0.04379
0.35624 0.35166 -0.29638
-0.30468 -0.46988 -0.39429
0.32377 -0.04615 0.67744
0.03956 0.00482 0.08871
0.39946 0.27073 -0.14050
-0.43231 -0.30572 0.02683
-0.35893 -0.19527 -0.39775
0.31582 0.38405 -0.04771
-0.39369 -0.30027 -0.34944
0.48829 0.38681 0.58792
0.40317 0.29083 0.59101
-0.04817 -0.22904 0.62978
0.43748 0.31116 0.31392
-0.00208 -0.23719 0.59242
0.47512 0.34946 0.27281
0.28355 0.26594 0.26684
0.23280 -0.14104 0.74412
-0.27101 -0.09635 0.31760
-0.29551 -0.38608 -0.54258
0.18587 -0.05243 0.54696
0.44161 0.35463 0.01572
-0.05458 0.29968 -0.38275
0.06786 0.48225 -0.63893
0.46100 0.41085 0.43746
0.18377 0.10167 -0.19435
-0.38559 -0.33228 -0.47328
-0.46182 -0.55404 -0.06690
-0.26550 0.12407 -0.69629
-0.34528 -0.24394 0.20547
-0.08122 0.44000 -0.55392
0.31632 0.36488 -0.51129
-0.45841 -0.65182 -0.13682
-0.10889 -0.14459 0.47106
-0.06262 -0.14945 0.46762
0.36286 0.25232 0.06412
0.00068 0.03397 0.16573
0.07210 0.01637 0.15287
-0.10649 -0.32727 0.91976
0.49111 0.36689 0.43602
0.05697 0.43764 -0.64324
-0.13398 -0.31745 0.93876
-0.22468 -0.04312 -0.59195
0.36357 0.25157 0.16834
0.07486 -0.03626 -0.18704
0.28286 0.35419 0.00118
0.07856 -0.22783 0.65159
-0.18168 -0.00342 -0.05642
-0.29465 -0.17698 0.21695
-0.23931 0.29977 -0.66819
0.12122 0.16644 0.10474
-0.20152 -0.20121 0.11511
-0.13742 -0.29947 -0.14891
0.03179 -0.05088 -0.10423
-0.15388 -0.25767 0.60289
0.18501 0.28863 -0.46721
-0.02626 -0.31503 0.80218
0.07518 0.17658 -0.44959
0.31324 0.39103 -0.43019
-0.24690 -0.31707 0.03190
0.38226 0.41236 0.09914
-0.04275 -0.26069 0.64462
-0.40101 -0.33923 -0.27635
-0.29922 -0.50898 -0.10315
0.06290 0.11806 0.09410
0.56947 0.45792 0.38491
-0.10551 0.30161 -0.45521
-0.22391 0.19478 -0.55659
-0.09178 -0.17016 -0.40386
-0.14632 0.32512 -0.52982
0.46655 0.39353 -0.03503
-0.04447 -0.03614 0.23179
0.32175 0.06511 0.66452
-0.20282 0.29645 -0.60234
0.02384 -0.01983 0.10988
-0.31298 -0.43407 -0.45769
-0.08145 0.11901 -0.54808
-0.05945 -0.18419 0.42549
-0.16002 -0.38371 -0.21084
-0.22305 0.13899 -0.47811
-0.34493 -0.16647 -0.35326
-0.33751 -0.51451 -0.03779
-0.08089 0.17439 -0.25624
0.32279 0.21041 0.14643
-0.39499 -0.23585 0.01137
-0.04877 -0.32863 -0.44735
0.13806 0.44806 -0.36816
-0.03394 0.38553 -0.59588
0.35648 0.07240 0.59963
0.17004 0.46739 -0.30236
-0.49794 -0.62598 -0.05188
-0.10103 -0.23048 0.59024
-0.39206 -0.14962 -0.63384
-0.27478 -0.45844 -0.42960
-0.28359 -0.19978 -0.56413
0.41788 0.27443 0.44699
0.45866 0.29079 0.58690
0.04392 0.40937 -0.41728
-0.06066 -0.24076 -0.21154
-0.25853 -0.04972 -0.13742
0.01892 0.20170 -0.14255
0.34236 0.32703 0.27553
0.37306 0.26289 -0.06763
-0.10091 0.14819 -0.24560
-0.28430 -0.39122 0.00467
0.19694 0.26297 -0.42484
0.18872 0.15253 0.27246
0.01218 -0.07797 -0.30479
0.50285 0.44901 0.41124
-0.21119 0.01450 -0.20346
0.30158 0.23693 -0.28134
0.51261 0.41799 0.53118
0.27408 -0.01321 0.63390
0.34126 -0.05887 0.74084
-0.19307 -0.23704 0.05060
0.52996 0.46943 0.33905
-0.54498 -0.71878 -0.01430
0.04270 -0.22295 0.68652
0.34186 0.26417 -0.18559
-0.22474 -0.47809 -0.38375
-0.39526 -0.16346 0.19644
-0.23477 0.14429 -0.51275
-0.11722 -0.28112 0.89691
-0.39653 -0.27093 -0.18220
-0.29026 -0.09390 0.10798
0.01153 0.30210 -0.28462
-0.06265 0.33982 -0.43515
-0.42747 -0.24599 0.10737
0.44258 0.24766 0.64014
-0.12330 -0.24153 0.69629
0.42864 0.31508 0.16694
-0.35460 -0.18675 0.25027
-0.35000 -0.05862 -0.59585
0.38051 0.31966 0.44471
0.04603 0.25390 -0.16840
-0.38912 -0.48087 0.08492
-0.00754 0.09142 -0.46023
-0.08495 -0.04836 -0.41486
0.23805 0.21246 0.26446
-0.34751 -0.48718 -0.31492
-0.19428 0.10258 -0.36632
0.37561 0.32987 0.39267
-0.37343 -0.47533 -0.27608
-0.25319 -0.33830 -0.51266
0.52468 0.46252 0.13211
0.27014 0.02487 0.57861
-0.02854 -0.26618 0.67800
-0.08498 0.06177 -0.03749
0.02233 -0.09223 0.39887
-0.49622 -0.67211 -0.01191
0.15648 0.44667 -0.65320
0.32993 0.10857 0.47520
-0.45838 -0.29856 -0.66691
0.44677 0.45770 -0.08855
-0.25755 -0.14212 0.23577
-0.20217 -0.29594 -0.03091
0.05727 -0.24630 0.66896
0.10247 0.01087 -0.20957
0.43722 0.27630 0.54268
0.29511 0.11317 0.38978
-0.32571 -0.12252 -0.21554
0.11665 -0.16315 0.62018
-0.10272 -0.18628 -0.05999
0.12110 0.08803 -0.31903
0.29138 0.19352 -0.21556
-0.20884 -0.48193 -0.35588
-0.17500 -0.43117 -0.45647
-0.00327 -0.06492 0.16651
-0.13564 0.35485 -0.53616
0.37012 0.25204 0.55125
-0.41848 -0.30906 -0.07065
-0.36533 -0.21678 -0.66107
0.24849 -0.05791 0.50774
-0.05325 0.32284 -0.40813
0.08752 0.01174 -0.10482
0.19792 0.12086 0.11185
0.04300 0.34887 -0.58254
-0.40342 -0.25958 -0.09214
0.11846 -0.08306 0.46454
-0.02901 -0.04869 0.30175
-0.02041 0.44615 -0.53021
-0.11648 0.43162 -0.59269
0.38148 0.29040 0.51186
-0.32333 -0.04358 -0.50555
0.08969 0.01157 0.18002
-0.32912 -0.23735 -0.60273
-0.10115 -0.20780 -0.41744
0.39898 0.27582 0.32239
-0.06992 0.37230 -0.46806
-0.11966 0.07182 -0.55773
-0.42800 -0.34840 -0.58425
