-0.06486 0.00394 -0.78754
0.46096 0.15933 0.78240
0.14400 -0.74214 0.05738
-0.09614 0.93441 -0.32809
-0.13726 0.12653 0.10543
0.33470 0.76812 0.35286
-0.30998 -0.63164 -0.50558
0.49883 -0.26305 0.29697
-0.36786 0.38310 -0.39293
-0.29141 -0.14414 -0.31539
-0.02116 -0.32681 0.28813
0.06236 0.56671 -0.01898
0.15552 0.33003 0.44232
-0.18307 -0.50851 -0.10332
0.30770 0.25872 0.07282
0.22768 -0.05362 0.48829
-0.04550 -0.82203 -0.27379
-0.23525 -0.32888 -0.72177
-0.04949 0.11886 -0.43436
0.54570 -0.13941 0.62209
-0.09763 -0.18352 -0.03449
-0.20849 0.61979 -0.21623
-0.27214 0.17101 -0.17586
0.25639 0.51057 0.22600
0.27162 0.38419 0.70859
0.12118 0.08465 0.25048
-0.16721 -0.39399 -0.36731
0.01931 0.34522 0.18769
0.04804 -0.47880 0.06213
-0.16385 0.40460 -0.03784
0.24823 -0.39909 0.28850
-0.21606 -0.08881 -0.57904
0.25091 0.59219 0.54234
0.00058 0.77648 -0.15183
-0.30443 0.09135 -0.41513
0.29678 0.15306 0.59989
-0.07310 -0.10049 0.19238
-0.11468 -0.00328 -0.23536
0.01562 -0.63991 -0.11885
-0.23232 -0.68084 -0.27340
-0.23929 -0.30061 -0.16152
0.11145 -0.15495 0.32763
-0.28672 -0.28289 -0.51194
-0.12579 -0.35261 0.09795
0.31624 -0.23597 0.40667
-0.21478 -0.00845 -0.03691
0.01804 0.06286 -0.96727
-0.24750 0.37474 -0.22381
0.16111 0.40268 0.05129
0.20388 -0.55655 0.16562
-0.33142 0.57880 -0.37910
-0.15794 -0.16824 -0.80766
0.16005 0.13405 0.45617
0.44321 0.02727 0.63378
0.01272 0.08790 -0.61748
-0.23482 -0.46896 -0.57774
0.11503 0.20326 0.09894
0.59682 -0.17356 0.44126
0.20266 0.32810 0.23540
0.05127 -0.82007 -0.09299
-0.11714 -0.05643 -0.40937
0.40789 -0.10848 0.49707
-0.19172 0.78123 -0.32132
0.18802 0.50963 0.39771
-0.09142 -0.35806 -0.08060
-0.16138 0.22723 -0.04542
-0.10600 0.57193 -0.06967
-0.28746 -0.52087 -0.36777
-0.11649 -0.54907 -0.25860
0.07136 0.23787 0.31304
-0.26233 0.24594 -0.35181
-0.02924 -0.49412 0.21466
0.26582 0.41516 0.53872
-0.28358 0.00653 -0.23704
-0.00446 0.39921 0.01361
-0.08500 -0.58818 0.00531
-0.24539 -0.13553 -0.14181
-0.17567 -0.21297 -0.40731
-0.03816 0.25004 0.06531
-0.12297 -0.71165 -0.15241
0.24644 0.63801 0.32351
0.00570 0.06721 0.14006
-0.16084 0.04864 -0.52272
-0.24883 -0.44087 -0.23361
-0.29030 -0.30161 -0.33177
-0.17198 0.12661 -0.30784
0.11128 0.47650 0.18143
0.11429 -0.39013 0.20990
0.11386 0.00349 0.38149
0.33614 0.24651 0.73367
-0.02948 -0.24072 0.14867
-0.15274 -0.18238 -0.25344
-0.08153 -0.03081 -0.62552
-0.28415 -0.05530 -0.44767
-0.16675 -0.10771 0.07528
0.14479 -0.30087 0.33656
-0.25571 -0.74320 -0.40738
0.12297 -0.59763 0.01138
0.21646 0.27533 0.57311
-0.17477 -0.21227 -0.65332
0.06144 -0.05361 0.23100
0.17832 0.54415 0.07270
0.36614 -0.31905 0.28390
0.28615 0.43453 0.10788
-0.12704 0.73556 -0.19280
0.31155 0.00677 0.59052
-0.29722 0.49642 -0.27168
0.12777 0.40538 0.32414
-0.01170 0.18633 0.21394
-0.04087 -0.50495 -0.09668
0.45305 -0.21629 0.41837
-0.17762 -0.81436 -0.31200
0.31494 0.67251 0.44966
-0.13842 -0.35975 -0.23292
-0.30201 -0.39969 -0.44237
0.05805 0.70109 -0.04314
-0.19318 0.48642 -0.16901
-0.13433 -0.46245 0.01893
-0.17475 0.09333 -0.11653
-0.11742 -0.09421 -0.13338
-0.18432 -0.28378 -0.01303
-0.04762 0.82281 -0.27329
0.04436 -0.74985 -0.20696
-0.11327 0.00968 0.04567
0.25978 0.49828 0.63934
-0.00227 -0.37250 0.13494
-0.00162 -0.18297 0.26943
-0.19838 -0.33439 -0.59245
0.01787 -0.68835 0.00095
-0.24850 0.66396 -0.33077
-0.10408 -0.67718 -0.27406
0.17333 0.20592 0.21294
0.20228 -0.17972 0.41812
-0.21218 -0.62390 -0.39503
0.36140 0.12518 0.70579
-0.23259 0.31970 -0.11030
-0.03235 0.65832 -0.12517
-0.12804 -0.23727 -0.14283
-0.04710 -0.02352 -0.90793
-0.14943 -0.09393 -0.70691
-0.17824 -0.32726 -0.47025
-0.14951 -0.23203 0.10311
-0.20573 -0.47439 -0.45812
0.51499 -0.04820 0.69759
-0.20521 0.16186 -0.42029
0.07171 0.31934 0.06489
-0.04935 0.51258 0.01965
-0.04057 0.02893 -0.52651
-0.29047 -0.17557 -0.45393
0.00803 -0.59069 0.08258
-0.17721 -0.19724 -0.53376
-0.31245 0.11595 -0.29744
-0.29215 -0.43900 -0.67931
-0.19659 -0.60034 -0.17946
0.17968 0.23488 0.37331
-0.21091 0.11418 -0.00455
-0.13929 0.31711 0.03772
-0.03333 -0.40323 0.02433
0.20494 -0.64753 0.09002
-0.08836 0.03354 -0.34227
-0.07250 -0.28831 0.01495
0.23589 0.06218 0.50495
0.50412 -0.16972 0.51393
0.04726 0.51166 0.09234
0.08998 0.11764 0.35609
0.01912 0.07364 -0.75278
0.10364 -0.50188 0.16055
0.19879 0.28980 0.05757
0.30691 -0.12450 0.44793
-0.32804 0.31434 -0.28960
0.49571 0.06291 0.73445
-0.07074 -0.49688 0.10585
-0.30467 -0.51101 -0.49869
-0.10056 0.02335 0.15702
-0.20245 -0.39746 -0.10654
-0.31004 -0.00931 -0.34515
-0.03368 -0.74486 -0.09317
0.45123 -0.08205 0.60523
-0.27361 -0.22835 -0.24415
0.23286 0.40873 0.42482
0.26593 0.62002 0.21183
-0.20261 -0.15013 -0.02800
-0.08763 -0.33554 0.20003
-0.12595 -0.06321 -0.52098
-0.15940 -0.27726 -0.30905
-0.17849 -0.51154 -0.34129
-0.10177 -0.44550 -0.16627
0.16092 0.50017 0.27963
0.04997 -0.40869 0.29675
0.26875 0.50558 0.47030
0.06865 -0.26512 0.25980
0.21429 0.22622 0.47517
-0.28710 -0.40941 -0.33412
-0.07209 -0.15876 0.07778
-0.05529 0.34899 0.10379
0.22397 0.20069 0.11018
-0.25265 -0.01235 -0.13631
0.02254 0.04471 0.25003
0.26007 -0.28339 0.32996
-0.24365 -0.54863 -0.25939
-0.13943 -0.60315 -0.08548
-0.28255 0.27755 -0.20185
-0.05331 -0.60220 -0.18873
0.26953 0.32237 0.14728
-0.00218 0.06267 -0.85457
-0.09199 -0.08963 -0.82680
0.01440 0.16635 0.10879
0.23142 0.61345 0.42947
0.17176 -0.08203 0.39931
-0.29087 -0.37952 -0.54959
-0.16404 -0.12700 -0.34946
0.03726 -0.56681 -0.03800
0.09898 0.10653 0.15253
0.10491 -0.75149 -0.03634
0.29320 0.28400 0.63961
0.22261 0.41923 0.28331
-0.18296 0.19686 0.04866
-0.11536 -0.06447 -0.02315
-0.32652 0.47450 -0.38095
-0.22113 -0.22475 -0.09346
-0.12885 -0.78659 -0.22857
-0.01083 0.12827 -0.52654
-0.02349 0.61802 -0.02738
-0.11858 0.62464 -0.17207
0.55543 -0.20222 0.35273
-0.24067 0.17368 -0.08094
0.07474 0.33932 0.27130
-0.25620 -0.24694 -0.60721
0.12186 0.63794 0.01636
-0.17220 -0.70748 -0.34731
0.27206 0.53177 0.13080
-0.05786 0.03655 -0.69341
-0.33777 0.29003 -0.40121
-0.13780 -0.00467 -0.09887
-0.27493 -0.09535 -0.23198
-0.23839 0.21346 -0.26253
-0.03626 0.26886 0.16194
-0.18703 0.11798 -0.21153
0.20263 0.34881 0.35151
0.25847 0.53525 0.33558
-0.21191 -0.22033 -0.74566
-0.14520 -0.44884 -0.27092
-0.16661 0.69247 -0.28785
-0.17190 -0.12866 -0.45441
0.31038 -0.07270 0.53555
0.11470 0.48842 0.02597
-0.09901 0.47218 -0.06128
-0.06860 -0.66676 -0.04871
-0.26349 -0.34307 -0.24399
0.40168 -0.24646 0.34329
-0.01923 -0.02707 0.15722
0.21543 0.14794 0.54211
-0.23574 -0.57637 -0.48147
-0.32861 0.41040 -0.29885
-0.05225 -0.41163 0.25720
-0.06645 -0.24740 0.23609
-0.32516 0.17359 -0.37192
-0.10023 0.40486 0.03272
0.13563 -0.58575 0.10592
0.25018 0.37411 0.04052
0.01075 0.42833 0.11587
0.36124 0.08413 0.60986
-0.06217 0.01639 -0.43176
0.22906 0.36874 0.61165
-0.26813 0.07743 -0.17056
-0.23576 -0.01701 -0.51789
-0.28757 0.58776 -0.29330
0.04024 0.14912 0.28352
-0.26631 -0.17262 -0.54736
-0.01620 -0.80802 -0.15948
-0.30597 -0.60086 -0.41774
0.10573 0.31447 0.35552
0.10359 -0.06318 0.31521
0.18577 0.52963 0.16573
-0.07117 0.11303 0.16920
-0.07749 0.06391 -0.60398
-0.07947 -0.42101 0.16583
-0.30066 -0.26691 -0.41631
-0.13642 0.84508 -0.28132
-0.16813 -0.38667 -0.01927
-0.15908 -0.60198 -0.32413
0.15129 0.18792 0.29960
0.19090 0.45325 0.49234
0.23375 0.31753 0.48722
-0.08521 0.19768 0.13349
0.39398 -0.02710 0.56089
0.37514 -0.18929 0.45748
0.02498 0.26569 0.23744
0.17978 0.04160 0.43698
-0.03263 -0.69567 -0.22176
-0.27537 -0.34033 -0.63948
-0.19960 -0.39961 -0.51995
-0.13086 -0.08855 -0.25958
-0.11254 -0.17855 0.17165
-0.07367 -0.06656 0.09773
-0.23761 0.07187 -0.47136
-0.18835 0.39609 -0.12419
0.01571 -0.30611 0.20066
-0.00611 -0.48036 -0.01132
0.23145 0.47387 0.05026
0.23855 0.40412 0.19750
-0.22302 0.53452 -0.24259
-0.20562 0.23361 -0.13475
0.01232 -0.12683 0.20349
0.21752 0.50385 0.56287
-0.28345 -0.54723 -0.57517
-0.15328 0.31721 -0.04817
-0.09540 0.10504 -0.51258
-0.12281 0.11444 -0.37833
0.07266 -0.64493 -0.05112
-0.14355 -0.10917 -0.62190
-0.31202 -0.70796 -0.46258
-0.27835 0.21523 -0.43124
0.16572 -0.37578 0.29713
-0.18594 -0.71838 -0.21142
-0.12899 0.09839 0.01644
0.31347 0.67915 0.35830
-0.14740 -0.26842 -0.22053
-0.09961 0.17798 0.04109
0.02674 0.48126 -0.00365
0.03398 -0.10969 0.29456
0.40621 0.20072 0.71805
0.20930 0.56870 0.26634
-0.26385 -0.67676 -0.35210
-0.07166 0.07218 0.09392
-0.16838 -0.30189 -0.38989
0.19410 -0.23383 0.35331
0.15956 -0.67518 0.00817
-0.09958 -0.27470 -0.06392
-0.18017 0.05939 0.07736
0.30762 0.18523 0.67724
-0.11422 0.76443 -0.29103
0.43760 0.09841 0.68243
-0.32012 0.22131 -0.29599
-0.01379 -0.54573 0.14987
-0.07228 0.80088 -0.19651
0.04926 -0.73582 -0.09725
0.58159 -0.16805 0.54441
0.05225 -0.45797 0.20888
0.12112 0.18286 0.40167
0.07924 0.41075 0.04295
0.17287 0.26615 0.28381
-0.03816 -0.30767 0.09838
0.06095 0.01611 0.31716
-0.14973 -0.02593 0.11045
-0.05664 0.33648 0.02144
-0.14883 0.05067 -0.18135
-0.15927 -0.01443 -0.57727
-0.17727 0.56427 -0.15071
0.09795 0.41187 0.22904
-0.26038 -0.59939 -0.32050
-0.01473 0.54045 -0.04961
-0.11617 -0.75801 -0.30320
-0.08402 -0.04672 -0.71229
-0.04667 0.72458 -0.19093
0.29355 0.07984 0.56244
0.04563 0.24626 0.08558
-0.12159 -0.34581 -0.15565
-0.19340 -0.29019 -0.65923
-0.17938 -0.21332 0.02496
0.28260 0.30647 0.72413
0.22879 0.25847 0.17245
-0.20877 -0.32019 -0.08787
0.06745 -0.64652 0.04730
-0.26648 -0.09851 -0.51835
0.44340 -0.30433 0.25772
-0.11668 0.25349 0.08726
0.22996 0.45240 0.35445
-0.29656 -0.09987 -0.38031
-0.23370 0.05825 -0.07408
0.25167 0.21552 0.61554
0.08884 -0.23278 0.32849
-0.26084 0.45111 -0.21128
-0.07741 -0.52003 -0.17039
-0.05485 -0.43725 -0.05980
0.51802 -0.17569 0.43448
-0.18372 -0.03134 0.04016
-0.18296 -0.27523 -0.53485
0.28864 -0.00071 0.51460
-0.22281 -0.08793 -0.07059
-0.24959 -0.21426 -0.17126
-0.11012 -0.04396 -0.33289
-0.22831 -0.75381 -0.32011
0.07146 -0.33359 0.29633
-0.21636 -0.49367 -0.17183
-0.15580 0.51420 -0.09547
0.15747 0.39898 0.40713
-0.30128 -0.19629 -0.37170
0.09006 0.57002 0.06579
0.15829 0.15574 0.15332
0.18634 0.37831 0.50833
-0.13579 -0.16647 -0.17106
-0.11636 -0.28023 0.15562
0.27875 0.42469 0.62769
-0.14431 -0.51307 -0.03756
-0.13948 0.06549 -0.25768
-0.11332 0.24752 0.01039
0.07710 0.03844 0.19700
-0.26574 -0.48167 -0.29586
0.02419 0.71657 -0.11094
-0.30096 -0.47477 -0.42700
0.11318 -0.53236 0.05633
-0.21709 0.18221 -0.34784
-0.22842 -0.39971 -0.64215
-0.15469 0.11843 -0.45624
-0.10627 -0.43069 0.09573
-0.22029 -0.16042 -0.62244
-0.25493 -0.65054 -0.45739
-0.20614 -0.54174 -0.40473
-0.14490 0.02640 -0.03081
0.17274 -0.49205 0.18841
-0.15222 -0.17560 -0.73320
0.15750 0.10242 0.38482
-0.29583 0.01730 -0.42044
0.02151 -0.81425 -0.23637
-0.30432 0.35366 -0.34809
0.28707 0.57908 0.46473
0.00183 0.56705 0.02387
-0.23221 -0.39693 -0.17431
-0.28827 -0.49458 -0.63107
0.01178 -0.22993 0.20872
0.33554 -0.28496 0.35517
0.47010 -0.10260 0.53714
-0.19762 0.16146 -0.15318
-0.06030 -0.23998 0.06886
-0.13197 -0.10291 0.13975
-0.05680 -0.17304 0.22223
0.22044 -0.11986 0.45806
-0.18426 -0.40712 -0.43944
-0.15653 -0.33538 0.03132
-0.02181 -0.63472 0.03018
-0.29093 -0.05754 -0.29415
0.21215 0.54053 0.49947
0.29805 -0.34308 0.31395
-0.29242 0.52290 -0.33924
0.12996 0.26813 0.07059
0.07043 -0.18083 0.27207
0.08513 -0.71542 0.02543
-0.01875 -0.06620 0.22684
-0.06212 -0.55786 0.06640
-0.19185 0.27682 -0.00283
-0.02785 0.46091 0.06478
0.12454 0.52790 0.11743
-0.02745 -0.16191 0.15510
-0.25975 0.29471 -0.27972
0.37086 0.06007 0.67726
-0.08028 0.85921 -0.32572
-0.02512 -0.57539 -0.12861
-0.30204 -0.33690 -0.40148
-0.01650 0.10800 0.21498
-0.29250 0.08059 -0.23743
-0.17206 0.15843 -0.06954
0.30751 0.33714 0.08903
-0.15490 -0.34811 -0.31218
-0.14666 0.65506 -0.22980
0.01156 0.01739 -0.90742
-0.20107 0.04560 0.00869
-0.16249 -0.12828 -0.53307
0.05742 0.41953 0.16798
0.02227 0.64611 -0.07299
0.27062 -0.18068 0.40138
-0.29795 0.17296 -0.24117
-0.21877 0.61519 -0.28542
-0.16502 -0.20040 -0.31997
-0.07445 -0.77060 -0.16874
-0.16919 0.75068 -0.24636
-0.09980 0.63273 -0.10339
0.20017 0.29606 0.39984
-0.23408 -0.51885 -0.52904
-0.10427 0.69059 -0.14464
0.13324 0.56947 0.00993
0.26791 0.54614 0.40373
0.29350 0.62297 0.39942
-0.17193 -0.44642 -0.05470
0.27395 0.53970 0.58209
-0.22777 0.32429 -0.17954
-0.15710 -0.65236 -0.13989
0.45909 0.00441 0.69749
0.30092 0.72864 0.40540
-0.29440 -0.43345 -0.59893
0.44221 -0.15534 0.45924
0.21868 0.58818 0.36621
-0.19556 -0.76767 -0.25913
0.05349 -0.79986 -0.15992
0.26360 0.46965 0.17066
0.05677 -0.35341 0.23168
-0.08009 -0.01977 -0.49290
-0.19920 0.12762 0.06222
0.24712 0.22047 0.54440
0.03677 -0.75341 -0.02558
0.27777 0.58888 0.27213
-0.12696 -0.01661 -0.16893
-0.09671 -0.10798 0.02682
-0.17738 -0.24382 -0.47388
0.21985 0.44025 0.58896
0.34763 -0.14049 0.50520
-0.22823 -0.61268 -0.23918
0.37474 -0.09290 0.55806
0.06499 -0.45113 0.13534
-0.02631 0.02090 -0.61888
0.16013 0.46117 0.35823
-0.29963 -0.43458 -0.50993
0.26452 0.32394 0.57072
0.13389 -0.64201 0.06277
-0.06128 0.42800 -0.01841
-0.01812 -0.00654 -0.84846
-0.30627 0.04833 -0.30455
-0.04778 0.15394 0.08372
-0.22820 0.23860 -0.06434
0.14772 0.26255 0.43849
0.26306 0.63888 0.48608
-0.18852 -0.46141 -0.39378
-0.11180 -0.12526 -0.06622
-0.11972 -0.06978 -0.76818
0.19412 -0.02757 0.43566
0.14674 -0.18601 0.38006
0.03989 -0.39741 0.18149
0.01487 -0.42690 0.08979
0.18979 -0.42582 0.25879
-0.12151 -0.18617 -0.09929
0.08971 0.00705 0.25529
-0.06971 -0.35077 -0.01006
-0.05122 0.72632 -0.12363
-0.19069 -0.14587 -0.68106
-0.19383 -0.08768 0.00488
-0.09589 -0.04345 0.16509
0.00568 0.31950 0.05252
0.29054 0.35014 0.65093
-0.01417 -0.75378 -0.24978
0.41670 0.12652 0.74418
-0.27564 -0.37652 -0.69684
-0.21928 0.20787 -0.19629
-0.26894 -0.15971 -0.21497
0.48983 -0.21432 0.35631
-0.07066 0.00165 0.10141
-0.02010 0.02978 0.19220
-0.02620 0.06624 -0.47311
0.05715 0.62311 0.02269
-0.15458 0.44754 -0.09691
-0.23782 -0.26033 -0.69894
-0.03601 0.60076 -0.09050
0.37932 0.00890 0.63190
0.13603 0.12220 0.30330
-0.01083 -0.26185 0.27875
-0.25100 0.11956 -0.11806
-0.30307 0.63252 -0.35229
0.01259 -0.70065 -0.17357
0.31499 0.10873 0.65039
0.20049 -0.57405 0.10193
0.25265 -0.24706 0.39313
0.11728 0.04874 0.30560
0.01045 0.06140 -0.68868
-0.16420 -0.17362 0.07513
-0.10882 0.37094 -0.02524
0.21635 -0.34289 0.32238
0.19372 0.54042 0.32876
0.51211 -0.06191 0.63388
-0.26198 -0.06852 -0.17395
0.24793 0.47154 0.41671
-0.28168 0.36288 -0.28778
0.03612 -0.50870 0.12648
0.14343 0.33113 0.06248
-0.16024 0.08819 -0.04332
0.03750 -0.03801 0.29021
0.05317 -0.52146 0.01362
0.14441 0.13881 0.21427
-0.18274 -0.24459 -0.59184
0.28772 0.68639 0.29962
0.38650 -0.23430 0.40477
-0.11424 -0.82001 -0.28576
-0.27905 -0.32007 -0.57133
0.06870 -0.57845 0.06236
0.27674 0.47508 0.55927
-0.27249 0.42880 -0.27363
-0.27884 0.15141 -0.43759
-0.21809 -0.69213 -0.39413
0.24056 0.47922 0.29601
-0.12015 -0.07729 -0.19484
-0.22332 0.17915 -0.01987
-0.28285 -0.21555 -0.50295
0.11288 0.25682 0.38154
0.12091 -0.45339 0.20757
-0.29033 -0.23879 -0.32229
0.14170 -0.51610 0.11192
0.24053 0.57278 0.17812
0.18507 0.18456 0.42758
-0.10627 -0.61504 -0.26296
-0.26905 -0.59569 -0.53733
-0.06564 0.76418 -0.24734
-0.08258 -0.02536 -0.56272
-0.16838 -0.44763 -0.33432
-0.13438 0.19222 0.09463
0.20697 0.00813 0.49111
-0.21308 0.42682 -0.17866
0.18483 0.23037 0.07166
-0.22763 0.68175 -0.27477
-0.10912 -0.67440 -0.10448
-0.26105 -0.28540 -0.22080
0.03766 0.21150 0.26512
0.00026 0.07193 -0.55875
0.50198 -0.14430 0.57053
0.11139 -0.69013 -0.02997
-0.26930 -0.39597 -0.27625
-0.10495 -0.51432 0.03578
-0.28887 -0.68644 -0.40944
0.45641 -0.04353 0.65325
0.21245 0.11549 0.48306
-0.31399 0.04922 -0.36570
0.28951 0.24577 0.68775
-0.11714 0.08078 -0.31292
-0.12278 0.79512 -0.23115
0.26531 0.24406 0.12512
-0.22129 -0.54851 -0.20124
-0.29759 -0.32603 -0.46166
0.19976 0.32919 0.54243
0.26978 -0.10925 0.49420
-0.07231 -0.72877 -0.26521
-0.21646 -0.40740 -0.57827
-0.12419 -0.13116 -0.77257
-0.14628 0.16933 -0.01528
0.12411 -0.11744 0.37409
-0.19640 -0.65948 -0.19930
-0.18282 0.27438 -0.08380
-0.22346 -0.15702 -0.08484
-0.03306 -0.08716 0.14850
-0.33807 0.24568 -0.34870
0.24178 0.37691 0.47720
-0.33476 0.48161 -0.32122
0.18878 0.29075 0.34041
-0.11709 0.44991 -0.00783
-0.21123 -0.34790 -0.66856
-0.36376 0.52219 -0.37738
-0.09370 -0.40668 -0.12045
-0.12145 0.07303 0.12956
-0.13596 -0.40139 0.05199
0.17696 0.29695 0.48895
-0.04341 0.48876 -0.03750
-0.05542 0.40687 0.07296
0.25538 0.44686 0.47216
0.26297 0.68217 0.40002
0.16178 0.16826 0.35549
-0.20313 0.72313 -0.33198
-0.00807 0.37089 0.13393
0.03053 -0.00459 0.18236
-0.20077 0.15904 -0.26622
0.36614 0.17452 0.66868
-0.05285 0.09972 -0.56241
-0.29242 -0.45929 -0.36704
0.16127 0.51747 0.21913
-0.19174 -0.55234 -0.14336
0.07453 0.16269 0.11661
0.21635 0.35292 0.41046
0.15154 -0.73359 -0.00264
-0.30383 -0.54182 -0.42731
-0.20191 0.37013 -0.06858
0.12137 -0.35506 0.25780
-0.09570 0.52240 -0.02914
-0.07266 -0.81341 -0.22138
0.20784 0.55501 0.43092
0.56416 -0.19050 0.48814
-0.35113 0.31692 -0.34495
0.24826 0.25686 0.05686
0.06737 0.47350 0.14158
-0.01056 0.02372 -0.72947
0.06450 0.62615 -0.03604
-0.28954 0.29729 -0.36761
0.30987 -0.19027 0.44461
0.06404 0.07517 0.31815
-0.31554 0.41667 -0.35618
-0.02132 -0.65087 -0.17896
-0.23845 0.38095 -0.15143
-0.08210 -0.18171 0.02239
-0.05992 0.56953 -0.02536
0.27596 0.59079 0.35281
-0.29928 -0.48564 -0.55150
0.44326 -0.28130 0.32061
0.27962 0.52302 0.52534
0.26493 0.38081 0.15002
0.38956 0.12172 0.65453
0.19721 0.33836 0.29412
-0.32223 0.11198 -0.35503
0.10941 0.06183 0.38269
-0.11986 0.56126 -0.12538
-0.02062 0.04876 -0.78758
-0.11246 0.01729 -0.60698
-0.10229 -0.36481 0.14993
-0.25813 0.01700 -0.47620
0.00351 -0.37872 0.31514
-0.17589 -0.18343 -0.47375
0.17431 0.47751 0.03974
-0.12162 0.81188 -0.32677
-0.22668 0.26679 -0.18837
-0.13276 -0.07416 -0.46254
-0.03111 0.66827 -0.06785
-0.26458 -0.54196 -0.31405
-0.12585 -0.04094 -0.66141
-0.03227 0.06964 -0.64941
-0.28803 -0.11823 -0.44715
-0.29909 0.23067 -0.23979
0.19355 0.24548 0.52547
-0.16624 -0.16036 -0.60221
-0.18654 0.69665 -0.23125
0.19518 0.26911 0.21805
-0.23316 -0.20864 -0.65108
-0.20524 -0.75024 -0.37268
0.13281 0.44517 0.28294
0.23852 0.45801 0.24263
-0.15100 0.67234 -0.17255
-0.14252 -0.28756 0.09090
-0.11199 -0.48197 -0.20917
0.11229 -0.05330 0.37470
0.46278 0.09956 0.76474
-0.05390 -0.33761 0.04329
-0.11506 -0.30017 -0.11267
-0.19218 -0.34476 -0.53390
0.19038 -0.69359 0.05248
-0.07166 0.28203 0.03205
0.07241 0.16726 0.32692
-0.07548 0.07628 -0.37768
0.17718 -0.60281 0.05867
-0.20939 0.45175 -0.12686
0.00549 -0.78659 -0.09744
-0.21798 0.53950 -0.18616
0.29442 -0.24167 0.35448
0.04067 -0.23378 0.29809
-0.29865 0.32478 -0.24208
0.25246 0.02884 0.54783
-0.30635 -0.56763 -0.50218
0.26972 0.26377 0.59174
0.24113 0.30060 0.62449
-0.09112 0.12394 0.06283
-0.07196 0.87396 -0.27093
-0.10503 -0.04627 0.04959
-0.36848 0.43429 -0.36879
0.35739 -0.08299 0.49881
-0.06548 -0.31825 0.25403
0.02094 -0.50416 0.19055
-0.09966 0.31511 0.07799
-0.31589 -0.64705 -0.45156
-0.02826 -0.70626 -0.05019
0.40778 -0.04310 0.61324
0.34793 0.19117 0.71927
-0.20299 -0.21749 -0.04070
-0.00202 -0.54462 -0.07159
-0.19855 -0.45717 -0.12023
-0.07272 -0.01984 -0.84671
0.00123 -0.00979 0.23006
-0.14241 -0.21477 -0.20471
0.18095 0.18639 0.49622
-0.09944 -0.62039 -0.04264
-0.25639 0.20231 -0.13220
0.14465 -0.23471 0.32459
0.23676 0.09672 0.54948
-0.08936 -0.01527 -0.37622
-0.18299 -0.25182 -0.70616
-0.10370 0.72338 -0.24338
0.44952 -0.15131 0.51891
0.34186 -0.01940 0.54215
-0.24758 -0.45216 -0.64243
0.00310 -0.45538 0.03776
-0.09039 -0.23623 -0.01834
-0.16661 -0.26975 0.03776
-0.09860 -0.22745 0.19403
0.19748 -0.28856 0.32399
0.18149 0.46647 0.43197
-0.03826 0.14906 -0.47948
0.07125 -0.80056 -0.04516
-0.16830 -0.25305 -0.35805
-0.29711 -0.04461 -0.39492
-0.02390 0.81334 -0.22423
0.20396 0.20137 0.16713
-0.00579 -0.11815 0.25493
-0.01159 -0.29705 0.15360
-0.15859 -0.23826 -0.26532
-0.11218 0.05274 -0.56274
-0.15211 -0.53532 -0.29818
0.03045 0.36815 0.04256
0.33646 0.30993 0.73434
0.15089 -0.55643 0.14975
-0.15425 -0.55083 -0.07805
-0.20925 0.02975 -0.50519
-0.32205 0.16842 -0.31021
-0.28347 -0.18554 -0.28038
-0.24213 -0.06789 -0.11773
-0.09906 0.13957 -0.44477
0.03509 -0.29277 0.29469
-0.15509 0.26020 0.04891
0.42293 0.04432 0.68286
0.19992 0.42528 0.53844
0.05940 0.27827 0.27798
-0.14338 -0.16616 0.12507
-0.05849 0.17017 0.17230
0.18455 -0.13618 0.39047
0.24208 0.17194 0.58425
0.04504 -0.68294 -0.08480
0.01262 0.58913 -0.05618
0.11611 -0.29243 0.29102
-0.24053 0.20064 -0.39485
-0.02162 -0.38625 0.07473
-0.28331 0.12703 -0.20594
0.05591 -0.11081 0.24475
-0.07429 -0.39007 0.21029
0.43565 -0.06176 0.55635
-0.15423 -0.40500 -0.30181
0.06073 0.37952 0.20619
-0.15420 0.04344 -0.12266
-0.24753 0.30984 -0.22908
0.08133 -0.59694 -0.02338
-0.10571 0.68045 -0.20497
-0.04640 -0.01586 -0.73870
0.25080 0.45016 0.66649
-0.21839 -0.45880 -0.52717
-0.07139 -0.46567 -0.11771
-0.18017 -0.13768 0.03245
-0.15591 -0.13422 -0.29663
-0.06263 -0.05080 -0.80358
-0.28147 -0.28152 -0.28254
-0.27867 -0.62851 -0.37096
-0.25086 0.27738 -0.13819
-0.14154 -0.09204 -0.57086
0.02332 -0.60501 -0.07856
-0.27911 0.22495 -0.19014
-0.13129 -0.74754 -0.19163
0.07884 -0.10601 0.33630
0.23592 0.32143 0.18914
-0.27217 0.02144 -0.18675
-0.13173 0.87445 -0.32658
-0.08548 -0.56433 -0.20893
-0.28903 -0.39413 -0.63492
0.35977 0.02579 0.57704
-0.16182 -0.11199 -0.40460
0.31846 0.05046 0.62058
0.03601 0.31758 0.23076
-0.02926 0.01533 -0.94188
-0.11923 -0.06571 -0.08819
0.25975 0.63922 0.27176
0.09220 0.20912 0.35359
0.26826 0.31499 0.06038
-0.17626 0.14464 -0.35788
0.21649 0.41541 0.04309
-0.32009 0.24023 -0.40934
-0.35216 0.38190 -0.33908
0.16623 0.38022 0.45668
0.37690 -0.13593 0.46091
-0.28572 -0.35220 -0.31571
0.27412 0.48559 0.09861
0.21440 0.40392 0.33885
0.57023 -0.20394 0.40380
-0.00248 0.52122 0.05046
0.09296 -0.49362 0.08659
0.51320 -0.09216 0.59020
0.32025 0.28903 0.68610
-0.05277 -0.12778 0.12060
-0.18963 0.19023 -0.10813
-0.17556 -0.06604 -0.60443
0.21413 0.28489 0.44962
-0.23362 -0.01480 -0.08711
0.03167 0.09338 0.26837
-0.07209 0.25419 0.12605
-0.15702 0.60057 -0.19907
-0.10755 -0.03365 -0.28119
0.04544 0.12129 0.13162
-0.21221 0.31320 -0.06210
-0.20020 -0.04272 -0.55896
0.10329 0.35512 0.32207
-0.25889 -0.29919 -0.66799
-0.08142 -0.73160 -0.12687
-0.23728 0.12062 -0.45164
0.09106 -0.42828 0.24282
-0.25723 0.54509 -0.28882
0.13118 0.36251 0.37996
0.16463 0.17906 0.10672
0.00012 0.29715 0.19640
0.21725 0.38327 0.24059
-0.05729 -0.45050 0.20722
0.24392 0.39744 0.65573
0.15528 0.52425 0.02599
0.10079 0.36483 0.05564
-0.13289 -0.49731 -0.25565
-0.08250 0.75646 -0.17012
-0.13680 -0.64847 -0.30293
-0.31405 0.33635 -0.39674
-0.29784 -0.37939 -0.49028
-0.14590 0.03090 0.10452
0.26910 0.37772 0.57491
-0.13674 -0.08301 -0.35582
0.20621 0.34790 0.05043
0.30355 0.22754 0.64101
-0.18177 -0.65662 -0.35307
0.24761 0.29284 0.53091
-0.01419 0.23673 0.20121
0.25650 -0.15683 0.45164
0.55540 -0.12907 0.57206
0.05683 0.07745 0.16072
-0.24363 -0.50005 -0.24131
-0.11801 -0.06416 -0.60992
-0.06271 -0.63315 -0.00759
-0.18919 -0.35953 -0.05806
-0.27369 -0.24736 -0.54729
-0.27781 -0.14605 -0.50136
0.26083 0.53536 0.28394
-0.09096 -0.02539 -0.44153
0.11885 -0.00600 0.33095
0.28214 0.10464 0.61030
0.24820 0.50604 0.37691
-0.24590 -0.34286 -0.19044
0.03837 0.43157 0.01926
0.24216 0.64045 0.37794
-0.11812 -0.56790 -0.02860
-0.29703 -0.38163 -0.37634
-0.17312 -0.20904 -0.78016
0.11188 -0.76445 0.01300
-0.15810 -0.76194 -0.33279
-0.13127 -0.12309 -0.82287
0.20396 0.53280 0.11580
0.19746 0.50286 0.46785
-0.06816 -0.66086 -0.23443
-0.05792 0.05824 0.17237
0.03715 -0.53801 0.06172
-0.24086 0.58828 -0.24045
0.14124 -0.41036 0.25329
-0.05385 -0.20567 0.10637
0.18306 0.09242 0.43131
-0.17307 -0.34207 -0.42154
-0.25436 -0.19273 -0.59277
-0.03973 0.04222 0.12022
-0.10237 0.03621 -0.29282
-0.23538 -0.18744 -0.12525
0.15761 -0.01503 0.40228
0.04352 -0.74600 -0.15611
-0.28900 -0.33414 -0.52334
-0.12772 -0.01701 -0.00922
0.01974 -0.35158 0.27053
-0.14328 0.27013 -0.02478
-0.01525 0.44786 -0.00943
-0.16800 0.34097 -0.00580
0.34337 -0.18961 0.40649
-0.06570 0.54312 -0.08070
-0.20768 -0.27822 -0.74170
-0.20156 0.73946 -0.28371
0.11977 -0.34020 0.31005
0.01061 0.14631 0.24263
0.41266 -0.18029 0.42479
-0.07144 -0.78001 -0.28469
0.15395 0.03614 0.39388
-0.09353 -0.27951 0.20799
-0.05960 -0.39698 -0.02968
0.01825 -0.18021 0.21471
-0.24677 -0.13378 -0.57285
-0.18323 0.64813 -0.27073
-0.25027 -0.72706 -0.36001
-0.07564 0.22246 0.04618
-0.16428 0.80399 -0.27320
0.28005 0.39866 0.07320
0.47885 -0.19228 0.46124
0.02178 0.65794 -0.02415
0.27016 0.55874 0.22965
-0.03349 0.31686 0.14742
-0.10210 0.14744 0.13440
0.39485 -0.29380 0.32386
0.13774 0.07483 0.34348
-0.19215 0.56720 -0.21882
0.22497 -0.20500 0.38002
0.13186 0.44464 0.04277
-0.00953 0.06131 -0.91830
-0.21861 -0.35166 -0.12529
0.07876 -0.13301 0.28347
-0.13761 -0.12246 -0.22366
0.42242 -0.10786 0.56989
-0.29044 0.39414 -0.24266
0.09380 -0.55400 0.01587
0.12758 0.13409 0.40938
-0.06467 -0.70681 -0.08482
-0.19752 0.22634 0.01132
-0.23639 -0.25269 -0.14258
-0.29000 -0.67547 -0.49332
0.15989 0.22187 0.26437
-0.29415 -0.00894 -0.28443
0.36110 -0.02360 0.59790
0.12251 -0.64145 -0.01175
0.51168 0.00050 0.70577
0.13498 0.47918 0.23595
-0.19041 -0.11765 -0.64058
-0.24249 -0.63154 -0.28249
0.27867 -0.06348 0.47818
-0.21720 0.15638 0.02341
-0.11617 -0.40317 -0.18694
0.08513 -0.42389 0.18902
-0.08988 -0.06148 -0.86716
-0.12904 -0.42869 -0.22901
-0.11194 0.41870 -0.04554
-0.22687 -0.44563 -0.17892
0.30938 0.35268 0.70830
0.22440 0.59617 0.31016
-0.23888 0.21068 -0.31428
0.53646 -0.09432 0.66156
0.40819 -0.16055 0.49418
-0.25173 0.07080 -0.12290
-0.06849 0.45273 0.03865
-0.01948 0.10110 0.11519
0.09190 0.66926 -0.00648
0.25837 -0.03913 0.52361
-0.28179 0.32248 -0.31543
-0.17773 0.08517 -0.48375
-0.22289 -0.57794 -0.43306
0.01248 0.47717 0.08716
-0.23145 0.13353 -0.05461
-0.11883 -0.13925 -0.11442
-0.04325 0.01475 -0.57317
-0.03713 -0.50313 0.15481
-0.02577 0.77088 -0.19253
0.50450 -0.21439 0.40285
0.22958 0.60370 0.48228
-0.05437 -0.05555 0.19129
0.21689 -0.27699 0.36711
0.09177 -0.38857 0.27704
0.22909 -0.07335 0.44383
-0.05754 0.00377 0.16827
-0.11010 -0.23124 -0.08274
-0.07483 0.83860 -0.23636
0.04441 0.56807 0.04962
-0.32877 0.56098 -0.33411
-0.26911 0.51295 -0.23583
0.09581 -0.54876 0.09847
-0.22039 0.49355 -0.21691
0.10521 0.39677 0.27447
0.44595 -0.24495 0.36284
0.03682 -0.15816 0.29853
0.25457 0.36913 0.52887
-0.10435 0.32783 -0.00374
-0.16415 -0.69164 -0.17756
0.32941 0.16278 0.63419
0.26712 0.66663 0.44604
0.19968 0.24229 0.43199
-0.00064 -0.08434 0.18420
0.12568 0.30057 0.39744
0.07721 0.51071 0.00529
-0.08838 -0.31352 -0.03752
0.10817 0.09146 0.20451
-0.20557 -0.79342 -0.34527
0.54383 -0.14420 0.52629
-0.17182 -0.17102 -0.36733
-0.28727 -0.57840 -0.37950
0.02403 -0.35328 0.19610
0.01267 0.69758 -0.05858
-0.30266 -0.46787 -0.47541
0.02197 -0.82196 -0.18898
0.40450 0.18323 0.76272
-0.20855 -0.18648 -0.69938
-0.21828 0.07334 -0.03123
0.02078 -0.62236 0.04847
-0.31248 0.27533 -0.26643
0.31128 0.03681 0.55103
-0.21064 0.16609 -0.21810
-0.15257 0.60405 -0.14074
0.42827 0.14483 0.70152
-0.30809 0.53779 -0.29658
-0.01129 0.72223 -0.14963
-0.08885 0.01594 -0.66351
-0.29431 0.45974 -0.30853
-0.25761 0.64397 -0.28843
-0.17442 -0.29133 -0.43913
0.48999 -0.00229 0.66183
-0.02650 -0.81690 -0.21006
0.16157 0.22919 0.46957
0.08559 -0.05038 0.27299
0.16558 0.23027 0.31607
-0.18846 0.33589 -0.10263
0.06420 -0.79242 -0.21486
-0.15789 0.12970 -0.40663
-0.04157 -0.12408 0.22413
-0.17445 -0.33709 -0.01269
0.14295 0.57436 0.06285
0.53380 -0.24055 0.32002
-0.12644 -0.09359 -0.66535
0.26444 0.29929 0.67409
-0.02799 -0.48054 -0.05339
0.17320 -0.61606 0.10573
-0.03244 -0.77396 -0.13086
0.26512 0.52281 0.18111
-0.04076 0.01681 -0.88282
-0.31134 0.14158 -0.40388
-0.21692 -0.72563 -0.26273
-0.15051 0.36124 -0.06518
-0.09695 0.36419 0.05660
-0.20806 -0.05599 -0.02718
-0.07014 0.61151 -0.05965
-0.08424 -0.10647 0.07486
0.23435 0.59332 0.23455
-0.10999 -0.13140 0.17027
0.47544 -0.04180 0.60966
-0.04428 -0.59938 0.05190
0.37468 0.22233 0.74593
-0.17063 -0.13360 -0.72238
0.02715 -0.69847 -0.12551
0.33809 0.22090 0.67226
-0.27881 0.59382 -0.33911
-0.07451 0.67205 -0.10844
-0.20337 -0.27534 -0.05518
-0.29426 -0.23549 -0.45069
-0.16024 0.52086 -0.14491
-0.15260 0.73428 -0.30402
-0.07608 -0.05035 -0.75859
0.15189 0.17609 0.25421
0.19261 0.06875 0.48810
0.27623 0.46751 0.60553
-0.18827 -0.55323 -0.36036
0.29390 0.72345 0.35935
-0.17136 0.10718 -0.25424
0.03303 -0.41709 0.13766
0.12001 -0.69309 0.04711
0.39591 0.08797 0.70517
-0.17358 0.00117 0.07216
-0.18404 0.14217 -0.11156
-0.04889 -0.00559 -0.67568
-0.00902 0.20107 0.08838
0.24110 0.51766 0.09180
-0.15114 -0.30969 -0.27673
0.29523 0.62171 0.44587
-0.25965 -0.61545 -0.48935
-0.30090 -0.24596 -0.37482
0.08464 0.28078 0.32497
-0.16629 0.16336 0.07709
-0.11533 -0.04969 -0.23325
-0.24883 -0.25344 -0.65261
-0.27187 -0.04609 -0.21340
-0.16084 -0.31065 -0.34129
-0.29971 -0.07566 -0.33599
-0.30039 -0.42186 -0.40164
0.06995 -0.02784 0.32898
0.02766 0.53609 -0.02166
-0.20364 0.28201 -0.12449
-0.23747 0.24675 -0.22873
0.26246 0.25085 0.64964
-0.00649 0.11193 -0.58292
0.23004 -0.14327 0.41173
-0.10023 0.89769 -0.29880
-0.18819 0.11724 -0.16245
0.17474 0.14133 0.41304
0.25227 -0.01491 0.48368
-0.25474 -0.38595 -0.22960
0.14254 0.07084 0.42776
-0.13631 0.40225 -0.00102
0.23066 0.55100 0.54586
-0.06328 -0.36696 0.24854
-0.03319 -0.44045 -0.01933
0.39667 0.05531 0.61532
0.15780 -0.62538 0.02288
-0.27003 0.33561 -0.19834
0.09613 0.60944 0.04305
-0.04718 0.02525 -0.47419
0.10857 -0.60098 0.06446
-0.17773 -0.16624 -0.42884
-0.13558 -0.29611 -0.18602
0.25560 -0.32370 0.30865
-0.29510 -0.15506 -0.41331
-0.11048 0.51148 -0.09018
0.03205 0.00738 0.27459
-0.15978 -0.79629 -0.26073
-0.15780 -0.48992 -0.29319
0.17008 -0.37531 0.24841
0.33914 -0.31778 0.32367
0.23237 0.21514 0.06775
-0.08692 0.80992 -0.29727
0.48381 0.04161 0.68840
0.06309 0.12391 0.31644
-0.07497 0.63354 -0.14151
-0.26604 -0.30122 -0.61061
-0.15184 -0.42177 0.00459
-0.28358 0.06494 -0.44566
-0.16819 -0.57964 -0.11572
0.14601 -0.56977 0.05822
0.22562 0.18460 0.50416
0.28607 0.28444 0.12538
-0.23801 -0.71022 -0.31250
0.29455 0.63809 0.35565
-0.05472 0.38809 0.00195
0.27268 0.17819 0.63013
-0.19502 -0.00340 -0.53724
0.21386 0.38996 0.57476
0.14316 0.50269 0.16301
-0.14048 0.05689 0.00278
0.11803 0.15098 0.11961
-0.03184 -0.57495 0.09669
-0.05727 -0.28431 0.06141
0.46161 0.13043 0.73197
-0.14019 0.46580 -0.04427
0.00741 0.02955 -0.82569
-0.25889 -0.69414 -0.44207
-0.01701 0.35674 0.02762
-0.10503 -0.11262 -0.02364
0.01909 -0.55118 0.11976
-0.07478 0.03194 -0.38503
0.28596 0.60254 0.50297
0.18710 -0.09587 0.43914
0.20188 0.54826 0.37791
-0.04425 0.02240 -0.82635
-0.12620 -0.71438 -0.30230
0.28596 0.56444 0.54359
-0.18494 0.42190 -0.07641
-0.18543 -0.37077 -0.47750
-0.12864 -0.12292 -0.17804
0.33169 0.11859 0.61016
-0.04913 -0.53574 0.10970
-0.28442 -0.09860 -0.27802
-0.15211 0.03712 -0.07857
0.23375 0.25702 0.50835
-0.18117 0.63604 -0.18503
0.07431 -0.70862 -0.06323
-0.05746 0.67437 -0.15820
-0.13398 0.20891 0.00087
-0.13937 0.08483 -0.50835
0.01199 0.76086 -0.11184
-0.20191 -0.31119 -0.69838
0.05488 -0.30995 0.24052
0.29295 -0.30923 0.34483
-0.03669 -0.21729 0.24936
-0.13213 0.03897 -0.22075
-0.24807 -0.40883 -0.68404
-0.27249 -0.43790 -0.29832
0.17797 0.50124 0.35200
-0.04352 -0.26574 0.11146
-0.01121 0.03236 -0.66054
-0.31408 -0.60498 -0.46503
-0.33817 0.28075 -0.32179
-0.10649 -0.08634 -0.72942
0.14373 0.20197 0.43973
0.07420 -0.27687 0.30759
0.19729 -0.64493 0.04664
-0.33698 0.41833 -0.39520
0.20743 0.20134 0.54300
0.15379 -0.22963 0.37059
-0.16577 -0.18203 -0.68453
-0.20267 0.67815 -0.31088
0.19610 0.51842 0.04169
0.41429 -0.32253 0.28530
0.10256 0.59632 -0.00668
-0.23004 0.28202 -0.08768
-0.28317 -0.36439 -0.59020
0.26116 0.14123 0.55919
-0.17494 -0.19926 -0.58364
0.21700 0.39857 0.38237
-0.10852 0.05307 0.05055
-0.23243 0.46708 -0.17275
0.46937 -0.11683 0.58080
0.30084 -0.03578 0.55721
-0.18440 -0.40249 -0.06545
-0.26057 -0.51161 -0.58650
0.04436 0.19780 0.10326
0.20629 0.48999 0.52290
-0.22110 -0.53938 -0.46324
0.17011 -0.26979 0.36005
0.39417 -0.06500 0.53056
-0.08006 0.00258 -0.71775
0.08312 0.37285 0.24454
-0.11574 -0.05752 -0.56358
0.27086 0.68996 0.34332
0.28461 0.41392 0.67934
0.03880 -0.21411 0.23912
-0.29366 -0.28132 -0.46889
0.48625 -0.09695 0.62657
-0.11853 -0.53100 -0.00217
-0.21942 -0.27998 -0.10093
0.36330 -0.23052 0.36806
-0.26707 0.12854 -0.16553
-0.24460 -0.06416 -0.53384
-0.12923 -0.23979 0.14583
0.14330 -0.52041 0.17343
0.23392 0.46634 0.62079
-0.16317 -0.35028 -0.35906
0.15729 0.47432 0.31441
-0.11899 -0.32433 0.13027
0.21451 -0.36875 0.28749
0.14056 -0.46625 0.17102
0.25820 0.43211 0.05615
0.03341 -0.26416 0.23451
-0.32557 0.35761 -0.28781
-0.05266 0.07408 -0.41448
0.44505 0.05822 0.71745
-0.30871 0.18739 -0.40954
-0.16453 0.81494 -0.32184
0.04249 -0.77497 -0.24800
-0.24105 -0.56540 -0.52422
-0.20315 0.09421 0.03506
0.27742 0.34436 0.60656
0.24739 0.34802 0.65010
-0.09297 -0.00447 -0.32227
-0.05165 -0.53885 -0.14127
0.01224 0.02847 0.16147
0.07130 -0.00015 0.21540
0.00267 0.24812 0.07908
-0.23796 0.70851 -0.30693
-0.16762 -0.15343 -0.76838
0.22977 -0.60558 0.10404
-0.07665 -0.61930 -0.22697
0.33421 0.72458 0.37447
-0.25547 -0.24884 -0.19624
0.06095 -0.18954 0.31543
-0.20936 0.35011 -0.14425
-0.35655 0.33974 -0.39117
-0.00265 -0.78999 -0.26988
0.00917 -0.75085 -0.05842
-0.19421 0.59830 -0.25059
0.36460 0.23259 0.70466
-0.01343 0.07946 -0.51193
-0.17242 -0.21502 -0.72966
-0.05320 0.12327 -0.52181
0.55741 -0.19802 0.44432
0.44025 -0.02705 0.59005
0.41095 0.08527 0.64718
-0.25344 0.39912 -0.18902
0.14777 0.12170 0.34453
0.26783 -0.10690 0.44878
0.47549 -0.24134 0.32628
0.33042 0.07139 0.58293
-0.00202 -0.51267 -0.04198
-0.07724 -0.45830 0.12325
0.02804 -0.82493 -0.13632
-0.08023 0.48476 0.00941
0.12267 -0.19829 0.32001
-0.12400 -0.04229 -0.12366
-0.37252 0.48179 -0.38833
-0.01284 0.11526 -0.48563
-0.12501 -0.05600 -0.70471
0.34411 -0.05456 0.56625
-0.15840 -0.10625 -0.48813
-0.01983 -0.33443 0.12610
-0.24520 -0.58938 -0.27661
0.05653 0.19815 0.30217
-0.19006 0.01100 0.03102
0.28664 0.62525 0.30173
0.05319 -0.77605 -0.11073
-0.00015 -0.26290 0.18454
-0.29559 -0.43604 -0.55645
-0.12652 0.64386 -0.13492
0.06770 -0.47511 0.17041
-0.03385 -0.37780 0.29477
-0.16453 -0.16789 -0.64406
0.33440 0.15498 0.69187
-0.14143 -0.13192 -0.68950
-0.18868 -0.27718 -0.61854
0.07249 -0.74810 0.00146
0.02381 0.38894 0.15535
-0.29833 0.12704 -0.24562
0.24042 -0.21092 0.41907
-0.03197 0.70305 -0.09386
0.08941 0.25921 0.07918
0.14452 -0.15066 0.35374
-0.03436 0.55148 0.00844
-0.28984 -0.72685 -0.43191
-0.22050 -0.49941 -0.49402
-0.21850 0.64928 -0.24750
0.04083 0.73165 -0.07521
0.16271 -0.55105 0.09215
0.19811 -0.60120 0.13637
0.24251 0.52141 0.60858
0.04363 -0.15766 0.23973
-0.16989 -0.16150 -0.55794
0.48682 -0.06701 0.67058
0.03189 -0.05139 0.20105
0.16862 0.44420 0.39861
-0.34660 0.44249 -0.33133
0.39642 0.00989 0.58998
0.16425 0.52290 0.13034
-0.26385 0.47100 -0.27263
0.18724 0.54162 0.24152
-0.27924 -0.15083 -0.25724
0.14704 0.41928 0.35865
-0.20047 0.16666 -0.30741
-0.19502 0.59525 -0.18239
-0.03016 0.14553 0.20260
-0.18871 -0.30580 -0.56352
0.33708 -0.10615 0.47024
0.47996 -0.18291 0.41513
-0.12986 -0.02651 -0.06426
-0.20399 -0.44403 -0.49095
-0.29903 -0.45390 -0.64101
0.12991 0.03032 0.34809
0.00616 0.60307 0.00343
0.00343 0.06983 0.22289
0.03842 0.29456 0.06804
-0.09920 -0.46880 0.08066
-0.10064 0.59612 -0.13739
0.50618 -0.15946 0.47369
-0.13308 -0.79801 -0.31558
-0.28681 0.62657 -0.31453
0.33933 -0.14923 0.44005
0.22120 0.32566 0.44615
0.13950 0.13649 0.25560
0.27216 0.22925 0.07660
-0.20023 -0.49531 -0.41468
-0.17008 0.11394 -0.07435
-0.10194 -0.52813 -0.22079
-0.11294 -0.38912 0.11289
0.24264 0.49070 0.33877
0.44077 0.16633 0.73470
-0.13617 -0.25213 -0.18064
-0.17868 -0.41826 -0.39886
0.20746 0.15556 0.47395
0.08456 0.51761 0.11459
-0.24894 0.60255 -0.31075
0.00099 0.68256 -0.11439
-0.26184 0.26591 -0.31566
0.00584 -0.71851 -0.03041
-0.09695 0.89270 -0.34315
0.27078 0.56913 0.31551
0.17729 0.55965 0.03448
-0.11763 0.13614 0.02856
0.23210 0.22437 0.14764
-0.04290 -0.28211 0.26264
-0.11747 0.11809 -0.48033
0.23671 -0.24333 0.35404
-0.21102 -0.36821 -0.61219
-0.05182 0.23103 0.15787
0.31564 0.29120 0.09670
0.07802 0.22247 0.09413
0.06884 -0.22152 0.26660
-0.23034 -0.65810 -0.41361
0.18415 0.33749 0.50436
-0.24002 -0.60976 -0.45255
-0.25853 -0.14036 -0.18034
0.12085 -0.26776 0.33982
-0.02067 0.00871 -0.77894
0.43139 -0.21128 0.38108
0.27203 0.42761 0.14570
-0.09492 -0.55296 0.02370
0.18396 -0.32200 0.30463
0.30911 -0.03607 0.51240
0.21012 0.55294 0.19688
-0.30489 -0.50435 -0.45488
0.15972 0.00605 0.43721
0.01183 0.21389 0.23267
-0.32711 0.37875 -0.39514
-0.28147 0.25257 -0.40498
-0.13688 -0.63976 -0.10324
0.08326 0.31893 0.31073
0.34175 0.76739 0.39297
-0.11435 0.28849 -0.00041
-0.19131 0.49372 -0.12899
0.03398 -0.66056 0.02595
-0.17168 -0.14401 -0.49546
-0.27477 -0.07040 -0.49012
-0.15341 -0.38186 0.01835
-0.29827 -0.30411 -0.37157
-0.19372 0.12954 -0.44209
-0.13048 0.50362 -0.05554
-0.09643 0.11728 -0.40910
-0.15154 -0.08027 0.11228
-0.17190 -0.48628 -0.07121
-0.17326 -0.60998 -0.14223
0.10654 -0.25324 0.29560
-0.02845 -0.02183 0.19639
-0.17401 -0.25876 -0.41498
-0.07689 0.13676 -0.47934
-0.19434 -0.59562 -0.37211
-0.07944 -0.22924 0.02006
-0.24780 0.02309 -0.11724
0.31106 -0.13447 0.48879
-0.26013 0.55179 -0.24311
0.34080 0.01427 0.62056
-0.03154 0.76071 -0.13197
0.19288 -0.22036 0.39934
-0.16691 -0.04872 0.08174
-0.15924 0.12823 -0.03745
-0.29938 -0.14206 -0.35502
-0.14436 -0.38348 -0.26515
-0.29708 -0.47305 -0.59112
-0.05014 0.20282 0.07067
0.27897 0.04676 0.58057
0.54407 -0.16911 0.55942
0.18049 -0.53799 0.12931
-0.01972 -0.20443 0.16355
-0.09977 -0.31628 -0.07620
-0.13357 -0.33844 -0.19354
0.07957 0.46883 0.02231
-0.18499 -0.30944 -0.51351
-0.26089 -0.63769 -0.33321
-0.05388 0.02394 -0.73979
0.18659 -0.18086 0.37649
0.36004 -0.25783 0.33813
-0.12761 0.35500 0.03074
0.46812 -0.28790 0.28955
0.10212 -0.00193 0.29243
0.40257 -0.12087 0.53490
-0.03081 0.30365 0.04704
-0.16634 -0.21220 0.06423
-0.32145 0.54009 -0.38276
-0.27737 -0.49996 -0.33505
-0.08825 -0.15303 0.19613
0.27593 0.42078 0.58787
-0.29922 -0.21470 -0.40727
0.19380 -0.13496 0.43220
0.28363 0.38523 0.63251
-0.09690 -0.04991 -0.82623
0.46121 -0.00750 0.62458
-0.19144 0.34250 -0.03818
-0.00717 0.50355 -0.02928
0.00001 -0.34164 0.16027
-0.04219 0.08169 -0.60985
0.11822 0.40056 0.05172
0.06301 -0.46953 0.09994
-0.28339 -0.03253 -0.25405
-0.08107 -0.03478 -0.67430
0.26184 0.50908 0.43113
0.42990 0.00102 0.66076
0.18003 0.41051 0.48560
0.10069 -0.47563 0.13063
0.01199 0.02267 -0.94696
0.29743 -0.15584 0.42514
-0.13056 -0.59778 -0.28946
0.25590 0.02778 0.50747
-0.24644 0.17465 -0.43795
0.27086 0.33220 0.69564
-0.19931 -0.32169 -0.63555
-0.11614 -0.01372 0.14796
-0.22091 0.03398 -0.04521
0.17539 -0.72488 0.03300
0.08442 0.03083 0.34572
0.09724 0.55488 0.00134
0.04555 0.04189 0.28901
-0.13588 -0.02281 -0.60829
-0.07144 0.73331 -0.22240
-0.24471 0.21095 -0.09410
0.21830 0.31291 0.58583
-0.15694 0.70201 -0.19822
0.21998 0.23536 0.56922
-0.21722 -0.66755 -0.23209
0.38832 -0.06723 0.58849
0.09377 0.16669 0.36034
0.08480 -0.09427 0.28945
0.30927 0.66863 0.41060
-0.07903 -0.52282 0.07404
-0.21107 -0.11971 -0.60681
-0.23658 0.09777 -0.07442
0.27574 0.54040 0.45281
0.03354 0.46066 0.11744
0.25398 0.25793 0.55520
0.23524 0.36012 0.19745
0.48818 0.02055 0.73049
0.32017 -0.07039 0.49427
-0.23538 0.57981 -0.27963
-0.11899 -0.06007 -0.15933
-0.14756 0.09091 -0.28989
-0.01295 -0.01025 -0.89327
0.09185 0.24984 0.34832
-0.24734 0.41314 -0.23266
0.28111 0.54373 0.49187
0.39065 0.15627 0.73759
-0.10313 0.77224 -0.19967
-0.30269 -0.44082 -0.44679
-0.12696 -0.28584 -0.14909
0.14991 -0.33928 0.28488
0.04994 -0.45747 0.24808
-0.10478 -0.36958 -0.12700
-0.17545 -0.38100 -0.41075
-0.01769 0.14362 0.10669
-0.05212 0.11387 0.09757
0.07634 -0.76972 -0.06882
-0.33064 0.20825 -0.33973
0.04821 -0.71281 0.00505
0.14083 -0.07960 0.36928
0.11660 -0.09676 0.34121
-0.34392 0.52189 -0.34359
-0.22221 -0.04601 -0.06232
-0.03932 0.00201 0.13364
0.48360 -0.13881 0.50138
-0.15019 -0.14350 -0.25738
0.07106 -0.39898 0.21576
-0.00912 0.06260 -0.72503
0.25847 -0.27830 0.36875
0.47284 0.08550 0.71214
-0.09134 -0.14337 0.01105
-0.20185 -0.36966 -0.56245
0.31334 0.71026 0.43969
-0.06510 -0.00805 -0.59836
0.27639 0.58449 0.19944
-0.26729 -0.01840 -0.18625
0.34570 0.04801 0.64995
0.42282 -0.28448 0.28718
0.14438 0.22423 0.08407
-0.28369 -0.22684 -0.28575
0.20678 0.37886 0.30994
-0.19256 -0.44402 -0.42989
-0.03271 -0.01270 -0.81284
0.06016 -0.51473 0.09640
0.28051 -0.22235 0.41421
-0.17881 -0.23675 -0.51216
0.47316 -0.03103 0.68956
0.27534 -0.21442 0.37472
-0.00785 -0.72591 -0.22335
-0.19727 0.52596 -0.15576
0.27252 0.47840 0.52072
-0.15751 0.54836 -0.11751
0.01457 0.06066 -0.79912
0.14747 0.36097 0.42017
-0.17082 0.38219 -0.09086
-0.16507 -0.09725 -0.66322
-0.09684 -0.58447 -0.24015
-0.19806 0.16768 -0.38255
0.18512 0.29941 0.26791
0.00578 -0.05413 0.25441
-0.02232 -0.12130 0.16339
-0.11422 -0.08807 -0.05556
-0.29800 -0.56892 -0.54000
-0.28694 -0.01739 -0.44020
-0.07291 -0.20824 0.22076
-0.19025 0.22787 -0.09906
-0.27686 -0.41307 -0.70958
-0.05786 -0.45670 0.15672
-0.08744 -0.48142 -0.16488
-0.09971 -0.81748 -0.24999
-0.11107 -0.00617 -0.64083
-0.07624 -0.41232 -0.08024
0.42326 -0.19052 0.46056
-0.08836 -0.02625 0.07818
0.22950 0.54665 0.14131
-0.25466 -0.51661 -0.27805
0.19515 -0.05948 0.45745
0.27206 -0.01188 0.54756
-0.09820 0.08698 -0.34591
-0.14197 0.68845 -0.25850
-0.14520 0.11630 -0.34704
0.27848 0.18823 0.59344
0.25070 -0.36186 0.30925
-0.10885 -0.09016 0.16767
0.17667 0.20163 0.39228
0.00462 0.07896 -0.65505
-0.11988 -0.44384 0.06019
0.24723 0.33258 0.51995
0.25650 0.40417 0.50321
0.11402 0.21756 0.38704
-0.23400 -0.36900 -0.69102
-0.29556 -0.48919 -0.39192
0.02148 -0.51146 -0.00542
0.52789 -0.19349 0.38092
-0.06412 0.89124 -0.31239
-0.13344 -0.19925 0.14151
-0.05480 0.78253 -0.16603
0.08599 0.43890 0.18437
0.19030 0.53750 0.29082
0.03793 -0.08345 0.22076
-0.25897 0.24043 -0.14279
-0.20418 -0.11211 -0.02604
0.28124 0.58763 0.39218
-0.05217 -0.46604 -0.08484
-0.19231 0.66258 -0.21528
0.25007 0.50350 0.26611
-0.19933 -0.51510 -0.14150
-0.09679 -0.03957 -0.52720
-0.06193 0.64937 -0.07969
-0.00007 -0.57900 -0.09349
-0.02092 0.39437 0.10691
-0.06261 0.04813 -0.65752
-0.14138 -0.33509 0.06805
0.21494 0.35217 0.57785
-0.00354 0.04691 -0.60328
-0.14122 -0.09408 -0.31987
0.30212 0.31653 0.66397
0.12346 -0.54736 0.12430
-0.11465 -0.05034 0.01197
0.15672 0.59318 0.03303
-0.14856 -0.10767 -0.74217
-0.16672 -0.55545 -0.32671
-0.24726 0.25273 -0.26478
-0.16819 -0.76691 -0.23304
-0.22655 -0.22436 -0.70191
-0.01745 0.73726 -0.10589
0.31266 0.27612 0.73343
0.58395 -0.16251 0.50404
-0.17803 -0.21645 -0.44786
-0.20131 -0.02123 -0.00403
-0.12907 0.72524 -0.27593
-0.15276 -0.09530 -0.43852
-0.29876 -0.52288 -0.54546
0.11546 0.45634 0.21313
-0.14401 0.78154 -0.32600
0.23175 0.12939 0.51363
0.27398 0.49490 0.13826
0.27791 0.50407 0.59363
-0.18540 -0.17836 0.01236
-0.31223 0.45702 -0.34151
0.09711 -0.32076 0.27198
-0.27529 -0.34272 -0.27969
-0.23116 0.36358 -0.19184
-0.21817 -0.38859 -0.14045
0.24733 0.45879 0.20275
0.27769 0.05675 0.53743
0.28775 0.38925 0.10872
-0.21814 0.29196 -0.15765
0.24370 0.18337 0.53701
-0.22007 -0.58591 -0.21424
-0.00557 -0.42324 0.05859
-0.12690 0.00850 -0.19673
0.10760 0.04251 0.26997
0.45657 0.04685 0.66325
-0.09023 0.08279 0.15810
-0.06833 0.45965 -0.03707
-0.31985 0.59663 -0.34099
-0.25775 0.50983 -0.27646
0.34682 0.08861 0.67568
-0.17973 -0.10100 0.03941
-0.03702 -0.66021 -0.00876
-0.04526 -0.57589 -0.16001
-0.21720 -0.12372 -0.06172
-0.05119 -0.17323 0.12456
0.28837 0.14518 0.63751
-0.03737 -0.02868 -0.87196
-0.29361 -0.20359 -0.33412
0.08027 -0.42609 0.27843
0.17900 -0.53385 0.18157
-0.09736 -0.64809 -0.06748
-0.29030 -0.07603 -0.41376
-0.24501 0.33774 -0.14937
-0.20565 0.20203 -0.15451
-0.28166 0.10451 -0.44150
-0.18348 -0.24846 -0.65222
-0.07499 0.69901 -0.19513
-0.04938 -0.06118 0.12744
-0.26452 0.34064 -0.26340
-0.23351 -0.44197 -0.60328
0.05523 0.66357 -0.00824
0.07385 -0.14206 0.32891
-0.22506 0.50363 -0.17708
-0.08592 0.07895 -0.56377
-0.27545 0.47470 -0.23591
-0.28252 0.50074 -0.31119
-0.03951 0.08361 0.19219
0.50219 -0.12477 0.60398
0.11099 0.54973 0.08869
0.04593 0.02896 0.17901
0.32993 0.70269 0.40407
-0.08285 -0.14085 0.04717
-0.19003 -0.49453 -0.37723
-0.17006 0.19423 -0.06025
-0.02783 -0.16964 0.24505
0.22104 -0.42923 0.27836
-0.01655 -0.82279 -0.24522
0.34411 -0.05339 0.51678
-0.24007 -0.76164 -0.37764
0.46706 -0.07049 0.57380
-0.25935 0.30867 -0.16839
-0.11527 -0.10151 -0.09645
0.16444 -0.66215 0.06786
0.05357 -0.61334 -0.04977
-0.14731 -0.34718 -0.27123
0.13365 0.22977 0.41762
-0.32842 0.21133 -0.38793
0.10280 0.06219 0.22770
-0.06849 -0.00895 -0.52620
0.03533 -0.48868 0.22077
0.10876 0.50498 0.14993
-0.01392 0.64106 -0.09830
0.29781 -0.09448 0.46729
0.26344 0.22597 0.57698
-0.21150 0.22576 -0.02276
-0.19071 -0.32464 -0.04633
-0.01352 0.43526 0.08909
0.21071 0.46890 0.55272
-0.23219 -0.48125 -0.20262
-0.15854 -0.17983 -0.29019
-0.08917 -0.42205 0.13038
-0.30724 -0.04551 -0.35563
0.53873 -0.18194 0.51579
-0.21644 -0.42637 -0.14941
-0.11850 -0.03603 -0.19892
0.11801 -0.18992 0.35755
0.19675 0.29304 0.53693
0.34858 -0.10605 0.52595
-0.26713 -0.34238 -0.68645
0.17336 0.50867 0.31307
-0.13344 -0.49768 -0.00569
-0.28274 0.43231 -0.23861
0.18380 0.43181 0.04519
0.14398 -0.61178 0.08075
0.32391 -0.22643 0.36986
0.28770 -0.25611 0.38784
0.11749 0.43945 0.24549
-0.12951 0.29030 0.06054
-0.17968 0.54172 -0.18364
0.01159 0.05431 -0.88932
-0.17133 0.08491 -0.16476
0.12262 0.37457 0.34619
0.44237 -0.11438 0.50752
0.19727 0.01241 0.45016
-0.05586 -0.80078 -0.19155
0.52995 -0.19678 0.46828
0.33370 -0.17014 0.46937
-0.30039 0.40064 -0.31974
-0.00861 0.32505 0.17271
-0.16621 0.61976 -0.22861
-0.25070 -0.08949 -0.14643
-0.03718 0.80591 -0.18835
-0.30101 -0.35967 -0.44824
0.06428 -0.56154 -0.01425
-0.03753 -0.77870 -0.27171
-0.11275 -0.26130 -0.10295
-0.08594 0.02786 0.08148
-0.17309 -0.14603 -0.39362
0.01782 -0.08168 0.27473
-0.16000 0.37603 -0.01580
0.14956 -0.39257 0.21807
0.57533 -0.13917 0.60065
-0.22733 0.36744 -0.11792
-0.11045 0.48964 -0.02407
-0.35807 0.44700 -0.40224
0.00326 0.01445 -0.87222
-0.15902 0.48131 -0.11812
-0.01571 -0.52079 0.17812
0.14091 -0.49227 0.14581
-0.21402 -0.18561 -0.06470
0.42272 -0.08871 0.52385
-0.23571 -0.11926 -0.11095
-0.32389 0.14234 -0.33538
-0.16946 0.12152 0.08194
0.16900 0.07871 0.46263
0.12638 0.12859 0.16076
-0.01674 0.04059 -0.96446
-0.01818 0.04059 -0.57030
0.00467 -0.22948 0.28275
-0.05586 0.29654 0.12769
-0.12709 -0.09338 -0.79447
-0.34511 0.34532 -0.32353
0.02590 -0.78594 -0.06771
-0.13262 0.01842 0.00215
-0.17504 -0.54496 -0.10858
0.14492 0.36658 0.05612
0.31464 0.25423 0.66254
0.18298 0.13360 0.49310
0.37715 -0.18227 0.41911
0.14910 0.15812 0.31970
-0.21205 0.19060 0.01349
-0.21934 -0.43695 -0.55576
-0.03872 0.77751 -0.22545
-0.00736 -0.17812 0.18472
0.01164 0.10375 0.24037
-0.22343 -0.31316 -0.11992
0.04008 0.69622 -0.08175
0.05263 0.54044 0.07102
0.20310 0.36141 0.26725
0.20348 0.18970 0.46363
-0.12126 0.83002 -0.25251
0.17458 -0.04544 0.41149
0.14362 0.15635 0.43341
-0.31605 0.06742 -0.33327
-0.29993 0.35971 -0.24995
0.14259 0.43832 0.32864
0.53421 -0.09319 0.61917
0.44866 -0.12908 0.54813
0.22280 -0.01396 0.46339
-0.17963 -0.61898 -0.34934
-0.31253 0.18289 -0.27890
0.08681 0.64308 0.02135
0.25923 0.56981 0.56961
-0.09942 0.54499 -0.10097
-0.26900 -0.20812 -0.55045
-0.10627 -0.31444 0.16215
0.15775 0.29842 0.06301
-0.16003 -0.38412 -0.33379
0.03655 -0.49433 0.02974
-0.13428 0.39358 -0.05741
0.41656 -0.22092 0.41839
-0.30022 -0.59836 -0.52011
0.40382 0.16950 0.69372
0.23335 0.43517 0.40099
-0.26783 -0.70150 -0.37748
0.22069 0.50561 0.06526
-0.15810 -0.46966 -0.03158
0.20001 0.18446 0.13608
-0.13395 -0.26667 0.12301
0.08599 -0.78747 -0.01555
0.01438 -0.13578 0.27828
-0.04634 -0.44547 0.24811
0.23096 0.61202 0.34294
-0.30581 0.05956 -0.39941
-0.12679 0.61349 -0.11606
-0.20980 -0.77590 -0.29942
0.31301 -0.28731 0.32546
-0.18041 0.77043 -0.27360
-0.20974 0.39884 -0.09605
0.03539 -0.56305 0.09060
-0.18892 -0.18379 -0.76101
0.31163 0.75122 0.38031
0.30803 0.70551 0.33232
-0.26583 -0.09868 -0.19204
-0.09267 0.08396 0.06801
-0.17594 0.23302 0.04014
-0.26065 0.03074 -0.15466
0.43228 0.08857 0.73026
0.27216 0.34694 0.07486
0.15476 -0.70623 0.05473
0.19637 0.51882 0.43641
0.46796 -0.20296 0.38154
-0.30231 -0.37765 -0.41098
-0.13617 0.00478 -0.14246
-0.29033 -0.64432 -0.40023
-0.22893 -0.54315 -0.49972
0.27593 0.61452 0.24803
-0.29570 -0.11425 -0.33354
-0.26398 -0.21469 -0.21314
-0.08874 -0.37074 0.18190
-0.14254 -0.68137 -0.31410
0.00126 -0.60685 -0.11500
0.29163 0.32471 0.11789
-0.29746 -0.54585 -0.39047
0.14782 -0.26889 0.31686
-0.09665 -0.04130 -0.79212
0.30532 -0.18647 0.40163
0.16008 0.16918 0.20594
-0.22186 0.18445 -0.25147
-0.17410 -0.21665 -0.69457
-0.14466 0.43277 -0.02919
-0.14466 -0.05802 -0.63200
0.27206 0.29866 0.59529
0.36015 0.13438 0.64011
0.04769 0.24477 0.27017
-0.20226 0.29577 -0.03330
-0.25902 -0.45081 -0.26567
0.01755 0.18067 0.24343
-0.27466 -0.56688 -0.34889
-0.10533 0.21728 0.02621
-0.10096 -0.73207 -0.28522
0.26615 0.55958 0.36532
0.32459 0.19853 0.64899
0.26119 0.13056 0.59251
0.09629 0.63127 -0.02236
0.06542 -0.49288 0.13719
0.25948 -0.07419 0.50539
-0.07323 0.31901 0.10221
0.09757 0.44166 0.03673
0.29832 0.63855 0.47633
0.20860 0.10345 0.51694
-0.16263 0.07378 -0.20360
0.06089 -0.37544 0.28671
0.40848 -0.24499 0.37983
0.00378 0.03494 0.22171
0.19347 0.19494 0.09420
-0.13723 0.47702 -0.08998
-0.03845 -0.34917 0.07235
0.25956 0.47053 0.07064
0.20207 -0.39349 0.26333
-0.05968 -0.05217 -0.84785
-0.25563 -0.54043 -0.55527
-0.14317 0.01481 -0.56717
-0.01728 -0.43728 0.01153
0.12112 -0.56568 0.03419
-0.11156 -0.04433 -0.36769
-0.21503 0.26632 -0.04787
-0.17944 -0.22189 -0.62018
0.21982 -0.10662 0.42586
0.01695 -0.40997 0.28577
-0.13403 0.55936 -0.09363
-0.01262 -0.61108 0.06045
-0.17857 -0.63479 -0.16607
0.23172 0.40257 0.61943
-0.12473 0.33968 -0.02934
-0.15640 0.73116 -0.21722
-0.18025 -0.24813 0.01415
0.17122 0.41242 0.44447
0.09044 -0.19454 0.29765
-0.20692 -0.66095 -0.38348
0.19686 0.31384 0.36514
0.21326 -0.61728 0.07500
0.53290 -0.15189 0.58750
-0.23042 -0.35936 -0.15707
0.08393 0.06925 0.18244
-0.30079 -0.30046 -0.42536
-0.19226 0.09146 0.06794
-0.18315 -0.45650 -0.08600
-0.10237 -0.21534 -0.05283
-0.14287 -0.32600 -0.23981
0.17957 0.25890 0.24734
-0.06589 0.51330 -0.06292
-0.14482 -0.13050 0.12305
0.00722 -0.03607 0.17778
-0.28296 0.06155 -0.21005
-0.10877 -0.02732 -0.69380
0.24655 0.29651 0.16748
-0.06177 0.84547 -0.29541
0.21508 -0.57026 0.13316
-0.31380 0.09099 -0.38131
0.50482 -0.03301 0.65575
0.03991 -0.59756 0.06474
-0.02802 0.10299 -0.45640
0.13788 -0.03063 0.36926
-0.09719 0.60549 -0.08219
0.30578 0.10555 0.58505
-0.11869 0.54046 -0.06290
-0.07109 -0.03139 -0.88428
-0.15206 -0.13181 -0.64662
0.25991 -0.18773 0.43574
-0.12506 -0.04683 0.14353
-0.19443 0.42327 -0.14467
0.25899 0.08764 0.57430
0.55703 -0.11084 0.63815
0.22248 0.47468 0.58909
-0.23566 0.55185 -0.21553
-0.29328 -0.42478 -0.36624
-0.24620 0.45420 -0.24239
0.00215 0.28094 0.06844
0.10982 -0.30701 0.32165
-0.10942 0.17753 0.11920
-0.18922 -0.24948 -0.74647
0.17003 0.16110 0.47547
0.34316 -0.20777 0.43580
-0.13387 0.13480 -0.43418
0.13064 0.10961 0.22634
0.34896 -0.26070 0.37650
-0.11400 -0.05164 -0.73950
0.22779 -0.30360 0.31772
0.29420 -0.15793 0.45932
-0.05545 0.61700 -0.11375
-0.25856 -0.02728 -0.49431
-0.22156 0.45418 -0.20269
0.04701 0.59231 -0.03600
-0.06564 0.53858 -0.01158
-0.25539 0.48501 -0.21000
-0.28309 -0.45414 -0.33439
-0.27317 -0.31189 -0.26471
0.47622 -0.14813 0.54060
0.05821 0.34356 0.23412
-0.17223 -0.21090 -0.37321
0.21185 0.29765 0.20875
0.03270 0.62050 -0.05264
-0.17816 -0.47802 -0.34866
0.29108 0.25026 0.10333
-0.32223 -0.68619 -0.49817
-0.13647 0.57331 -0.15287
0.14942 0.29673 0.43627
-0.16653 -0.24133 -0.32587
0.09982 -0.45595 0.15870
0.30458 0.66586 0.32130
-0.14750 0.09172 -0.01162
-0.21408 0.56853 -0.24862
0.03869 -0.49183 0.16320
0.31594 0.33749 0.73827
-0.34837 0.29059 -0.36867
-0.17521 0.31579 -0.07438
0.05946 0.35587 0.05587
-0.17700 -0.43389 -0.36442
0.50035 -0.11190 0.55008
0.46375 -0.17062 0.49456
0.12161 0.07814 0.28402
-0.21931 0.34489 -0.09104
0.27496 0.21046 0.64861
-0.03978 0.05745 -0.44139
-0.24850 -0.47575 -0.60829
0.21399 0.56397 0.47471
-0.27022 0.63589 -0.34367
