-0.17354 0.29189 -0.39520
0.07355 -0.81074 0.45194
0.49888 0.35441 0.49427
-0.35210 -0.67382 -0.44539
0.03399 0.80607 0.11457
-0.00560 -0.11023 0.20983
0.07946 0.24563 -0.96610
0.49187 -0.37583 0.43242
-0.14357 -0.19139 -0.67741
-0.35459 0.76015 -0.23721
-0.15351 -0.58691 0.04005
0.12372 0.34535 0.19458
-0.21773 -0.18928 -0.20717
0.21311 0.68625 0.48449
0.36286 0.01031 0.32696
-0.18465 0.45701 -0.02987
0.14475 -0.47388 0.27572
0.07408 -0.40108 -0.34661
-0.04559 0.12533 -0.09889
0.00502 0.15549 -0.64393
-0.18986 -0.78772 0.27972
-0.02304 -0.31776 -0.01855
-0.09555 -0.01148 -0.41748
-0.25501 -0.48236 -0.22402
0.10600 0.12463 0.37375
0.19788 -0.20734 0.38174
0.23575 0.41523 0.44265
-0.11118 0.78872 -0.11809
-0.16581 -0.33117 -0.44844
0.07109 0.38526 -0.43953
-0.35266 0.48305 -0.23045
0.13655 0.60400 0.24468
0.27612 -0.65362 0.39755
-0.03266 0.14972 0.16213
-0.24582 0.08876 -0.24920
-0.08116 -0.42105 0.19731
-0.13386 -0.57011 -0.40884
-0.14145 -0.06585 -0.00012
0.13425 0.83813 0.32384
0.35788 0.24240 0.35270
-0.01220 -0.64054 0.27421
-0.03637 0.55316 0.10914
-0.08533 0.34383 -0.19560
-0.33303 -0.68683 -0.19807
0.41350 -0.17299 0.42119
-0.05088 -0.45744 -0.17501
-0.03553 0.33512 0.05569
0.18573 -0.02323 0.21422
0.23924 0.00669 0.49592
-0.00983 -0.25757 -0.21601
-0.04415 0.15971 -0.30631
0.31303 -0.36775 0.33080
-0.13292 0.00346 -0.61982
-0.24763 0.63179 -0.11185
0.08703 -0.28761 0.18230
-0.28731 0.29567 -0.20687
0.02465 0.10799 -0.83395
-0.07888 -0.05325 -0.19161
0.04159 0.29231 -0.77726
-0.18696 0.24514 -0.04962
-0.18820 -0.41354 -0.05030
0.42655 -0.53347 0.34936
-0.13940 0.16138 -0.52238
-0.18746 -0.15391 -0.48974
-0.03291 0.31690 -0.57053
0.14730 0.16637 0.19335
0.01832 -0.14304 0.02708
-0.02668 0.68782 -0.00030
-0.07838 -0.24839 0.13556
0.11992 -0.05605 0.38322
-0.23866 -0.70896 0.13723
0.11024 -0.61958 0.40186
-0.20085 -0.60733 -0.12572
0.01113 0.02301 0.06150
-0.09763 -0.20384 -0.35748
0.25148 0.16922 0.46042
0.15017 0.30159 0.35664
-0.16827 -0.23993 -0.03705
0.38227 0.47112 0.48817
-0.21023 -0.33696 -0.28036
0.12176 0.46084 0.31865
-0.21094 -0.07709 -0.32710
-0.06147 -0.77084 0.37772
-0.05777 0.38900 -0.34418
0.23703 -0.50091 0.40247
-0.19079 0.05185 -0.10675
0.03645 0.02793 0.27159
-0.05001 -0.44168 -0.43145
-0.21549 -0.63119 -0.29217
0.00418 0.23532 -0.43161
-0.14413 -0.60099 0.20541
-0.21384 0.09557 -0.40572
-0.11856 0.11334 0.03529
0.07532 0.65686 0.11507
0.28472 -0.13518 0.28066
-0.06384 -0.44652 0.04909
0.27684 0.13807 0.28031
0.42665 0.12161 0.40985
0.22504 0.56511 0.39948
-0.04524 0.01694 -0.73874
-0.22169 0.42396 -0.17185
-0.14859 0.60694 -0.00391
0.15041 -0.34077 0.34516
0.08071 0.47695 0.14872
0.16306 -0.16636 0.20399
0.05536 0.74303 0.24921
-0.20985 0.73481 -0.20633
-0.10542 -0.54591 -0.26968
0.34906 0.33484 0.47878
0.19308 -0.73994 0.47199
-0.02329 -0.17472 -0.10417
0.03792 0.24057 0.24119
-0.04805 0.26737 -0.08509
-0.21138 -0.46658 -0.35712
0.00717 -0.49412 0.27620
-0.24938 -0.58729 -0.48401
-0.34207 0.62352 -0.22911
-0.04509 0.82272 0.00327
0.16399 0.69090 0.34390
0.27375 0.35537 0.32836
-0.09361 0.03601 -0.29221
-0.25635 0.20418 -0.31565
-0.02662 -0.31670 -0.36888
0.49414 0.23258 0.43692
-0.19842 0.36460 -0.28791
0.25198 -0.26337 0.27553
0.26650 -0.08764 0.40152
-0.20493 -0.32215 -0.14259
-0.18814 -0.08820 -0.12887
-0.04686 -0.00626 -0.06776
0.08569 -0.22034 0.29416
-0.05418 0.06313 -0.52551
-0.08558 -0.12178 0.10274
0.00291 0.19762 0.04784
-0.15018 -0.26033 -0.55434
0.31552 -0.25382 0.40558
-0.36082 -0.65280 -0.31959
0.36772 -0.44351 0.41661
-0.14899 -0.34499 0.04831
0.08647 -0.05265 0.14206
-0.22723 0.16468 -0.14991
0.05006 -0.36978 0.27645
-0.10100 -0.12945 -0.57636
0.00007 -0.36246 0.11505
-0.01815 0.27996 -0.28924
0.02356 -0.37574 -0.23375
-0.07343 0.45755 0.03935
-0.17244 0.03342 -0.50386
-0.35524 -0.62115 -0.55568
-0.11545 -0.51172 -0.05100
0.21825 0.24477 0.25429
0.04228 -0.71244 0.35706
0.00649 0.36360 0.17479
-0.02213 -0.46437 -0.31281
-0.05294 -0.54102 0.15582
0.11986 0.83304 0.20391
-0.02892 0.00243 0.17211
0.09513 0.06909 0.14825
-0.11747 0.23813 0.04652
-0.01942 0.19046 -0.76068
-0.15005 0.34943 0.00665
-0.06371 0.10882 -0.41172
0.12855 0.03789 0.45511
0.04477 0.30166 -0.65928
-0.11529 -0.69753 0.30210
0.38096 0.21615 0.46499
-0.08639 0.33152 -0.46333
-0.09259 -0.09362 -0.71665
-0.27432 0.51832 -0.12690
-0.28890 -0.56020 -0.34826
-0.09794 -0.09329 -0.30835
0.42631 -0.29195 0.38716
-0.21209 -0.01784 -0.21673
0.23712 0.28371 0.42938
-0.20568 -0.22173 -0.32367
-0.15709 -0.48785 0.10119
0.06660 0.21253 -0.85494
-0.13426 0.67859 -0.09904
-0.03724 0.21024 -0.18211
-0.02435 0.70964 0.11907
-0.02061 -0.34174 -0.13581
-0.03967 0.26082 0.14500
0.27515 0.54501 0.49732
0.01256 0.21705 -0.55133
0.32293 0.08599 0.42830
0.03539 -0.23786 0.08257
-0.09667 0.11138 -0.63666
-0.30391 -0.58696 -0.23539
0.06644 0.22861 0.13513
0.31991 -0.56002 0.35911
-0.07860 0.05875 -0.18554
0.04209 0.58496 0.19121
-0.05795 -0.15973 -0.22727
0.22815 0.46593 0.34390
-0.06624 -0.41467 -0.05634
0.19221 0.39123 0.26508
0.09934 -0.57372 0.30417
-0.09318 -0.00257 0.07276
-0.01372 -0.30625 0.21606
0.27173 0.01578 0.26524
-0.12205 -0.54345 -0.15877
-0.21346 -0.50167 -0.10465
-0.22393 0.35114 -0.09426
-0.11601 -0.11551 -0.42049
-0.30298 0.38275 -0.26390
0.06243 -0.10681 0.29005
0.07856 -0.16100 0.13953
0.11802 0.58266 0.34575
-0.08763 -0.04564 -0.51640
0.03804 -0.42496 0.18948
0.42210 0.31348 0.40853
0.03860 0.13117 0.27634
0.14914 -0.35083 0.24242
0.33184 0.42479 0.40745
-0.18630 0.55313 -0.08698
-0.16126 -0.71150 0.20447
-0.01594 0.45398 0.12360
-0.18696 0.14408 -0.05767
-0.07106 0.21401 -0.61221
0.11126 0.73688 0.16518
-0.05154 0.58670 0.01402
-0.12024 0.73635 -0.01786
-0.12242 -0.20436 0.05684
-0.20440 -0.61533 0.12564
-0.12594 -0.23315 -0.46093
-0.18740 0.20041 -0.43352
-0.21913 0.02883 -0.32468
-0.12224 0.34332 -0.08884
0.13780 -0.49334 0.37291
0.01362 0.32643 -0.37241
-0.00915 0.10507 0.01051
0.48505 -0.46908 0.39582
0.09065 0.37432 0.28326
0.23470 -0.38609 0.38746
-0.19456 -0.06066 -0.44276
-0.14990 0.03477 -0.01459
0.15664 0.20734 0.38890
-0.26984 -0.64595 -0.39063
0.36570 -0.19413 0.33901
0.10522 -0.71061 0.44193
0.26500 0.00972 0.40054
0.03452 0.31211 -0.49204
0.22165 -0.41944 0.29822
0.18262 -0.06425 0.46436
-0.29357 0.69910 -0.17608
-0.14451 -0.45725 -0.42661
0.20645 -0.58020 0.35824
-0.07094 -0.54287 0.24968
-0.28775 -0.64776 -0.12363
0.00574 -0.20384 0.22477
0.18449 -0.67994 0.39403
0.09410 0.22456 0.31931
-0.05506 0.11116 -0.72251
0.15534 0.62293 0.42774
0.08457 0.50286 0.24255
0.17804 0.07047 0.20742
0.03742 0.12193 0.09629
0.07878 0.65503 0.30079
-0.10168 0.25588 -0.51631
0.16932 -0.25751 0.23285
-0.00902 -0.05107 0.00889
-0.19543 -0.16745 -0.39777
-0.19471 0.74980 -0.11107
-0.26946 0.29534 -0.31035
0.37407 0.12023 0.33429
-0.19780 -0.56849 -0.03790
0.15898 0.75008 0.41351
-0.17023 -0.15182 -0.06162
0.17053 0.40411 0.37950
-0.16777 -0.07034 -0.55244
-0.08664 -0.35321 -0.48798
0.36199 -0.35282 0.42190
-0.18484 -0.35992 -0.36439
0.04337 0.72803 0.06156
0.19969 0.09074 0.47423
-0.04998 0.03433 -0.64594
-0.02871 0.15659 -0.47994
-0.08253 -0.33678 0.15333
0.08323 0.02947 0.34863
0.13855 0.71193 0.26035
0.04013 0.21791 -0.69667
0.32720 -0.07561 0.33797
-0.18917 -0.25664 -0.40348
0.28356 0.26560 0.31076
-0.01690 0.38855 -0.43175
-0.26436 0.18461 -0.22761
-0.21938 -0.53449 -0.41982
0.13095 -0.13934 0.35689
0.13045 0.25243 0.19074
-0.21920 -0.42059 -0.17322
0.01639 0.63484 0.05416
-0.08508 -0.66321 0.22813
0.42699 -0.38983 0.37627
0.02963 0.30689 0.11325
0.01278 -0.38565 -0.40594
-0.08225 -0.51911 -0.36151
-0.16469 -0.59484 -0.22980
-0.06359 0.63234 0.08707
0.43633 0.28758 0.48979
-0.24439 -0.75582 0.20955
0.16393 0.49940 0.39093
-0.00516 0.07954 0.20385
-0.02385 0.13439 -0.56317
-0.04291 -0.08284 -0.10694
-0.12208 -0.40892 0.12258
0.44141 0.40281 0.45238
-0.08022 0.16861 0.09314
-0.07060 -0.06053 -0.61763
-0.10987 0.52165 -0.00464
-0.11551 0.37953 -0.27153
-0.30382 0.39930 -0.17499
-0.23589 0.26893 -0.11596
0.16985 0.53696 0.29517
-0.01706 -0.25787 -0.08536
-0.19213 -0.21845 -0.11599
0.01860 -0.58769 0.33353
-0.06496 0.13201 -0.22667
-0.05970 0.06560 0.12416
-0.17864 -0.45817 0.02451
-0.04914 -0.23769 -0.28861
0.03119 -0.07300 0.08028
-0.17438 -0.16340 -0.60199
-0.18434 -0.32953 -0.06067
0.29932 0.45206 0.48477
-0.11078 -0.58996 0.11834
-0.13118 -0.80188 0.34156
0.10136 0.76064 0.31903
-0.02410 0.17699 -0.03607
-0.28650 -0.67074 -0.26624
0.01755 0.68599 0.18803
0.05448 -0.33083 -0.29762
-0.28965 0.56167 -0.19717
0.07267 -0.44859 0.31035
-0.04945 -0.17001 0.16087
0.29285 -0.47879 0.34446
-0.23835 0.44695 -0.09296
-0.03774 -0.67771 0.34395
0.13827 0.44304 0.22170
-0.05889 0.74558 0.04976
0.06028 0.56054 0.11409
-0.09916 -0.52356 0.05398
0.01982 -0.78682 0.38517
-0.23066 -0.63873 -0.19606
0.34134 0.32544 0.36520
-0.11816 -0.49582 0.17784
0.30359 0.24403 0.46271
0.33284 -0.28791 0.33051
-0.14099 0.36621 -0.34843
-0.01896 -0.45980 0.14179
-0.08670 -0.29726 -0.42122
0.22255 0.49554 0.45198
0.21118 -0.10795 0.23529
-0.14242 0.08577 -0.55918
-0.22477 -0.11806 -0.24668
-0.15522 0.37767 -0.16109
0.28905 -0.16505 0.38928
0.20433 -0.50172 0.32383
-0.01625 0.22087 -0.35154
-0.03765 0.25468 -0.00578
0.25559 -0.30791 0.38752
-0.14768 -0.58584 -0.33075
-0.10445 0.38527 0.06263
0.21451 0.59339 0.47569
-0.16821 -0.02111 -0.08221
0.21034 0.16501 0.24250
0.04667 0.32755 0.23375
0.42117 0.19942 0.37545
0.00362 -0.56972 0.24091
0.08697 -0.30443 0.30104
0.03567 0.19371 -0.92513
-0.21652 -0.42036 -0.25403
0.00116 -0.24570 0.00146
-0.22240 -0.26106 -0.23848
0.22180 -0.34143 0.27000
0.05573 0.21264 -0.77751
0.45181 -0.24284 0.44215
0.20153 -0.13150 0.39828
-0.25613 -0.53124 -0.16241
-0.09785 0.67976 0.03027
0.06314 0.43020 0.20784
-0.03279 0.07188 -0.79147
0.10737 0.54501 0.18185
0.00593 -0.30694 0.05204
0.00496 -0.50458 0.19961
-0.15099 0.19088 -0.00377
0.22482 0.32242 0.27402
0.16452 0.14156 0.42743
-0.07206 0.32648 -0.01103
-0.02017 0.26243 -0.66942
-0.14348 -0.07366 -0.63628
-0.27102 0.47588 -0.19793
-0.01513 -0.10999 -0.03878
-0.06882 0.09169 -0.33789
-0.27672 -0.52836 -0.28041
0.22809 -0.18141 0.26029
0.00646 0.38198 0.09802
-0.14279 -0.14642 0.00878
0.08498 0.15555 0.14472
0.30048 -0.21194 0.30514
-0.04490 0.74762 -0.04242
0.14973 -0.09091 0.19525
-0.12538 -0.19113 -0.52336
-0.18699 0.67908 -0.15258
-0.32014 -0.60537 -0.46640
0.11307 0.66820 0.19546
0.25587 -0.71413 0.43998
-0.22963 0.14301 -0.34988
0.09311 0.30080 0.29688
0.01477 0.12394 -0.76024
0.07221 -0.63975 0.33396
0.14795 -0.24991 0.34627
-0.01161 0.63379 0.14349
-0.17017 0.40121 -0.08261
-0.06393 0.00581 -0.57170
0.06448 0.27701 -0.90051
-0.02076 -0.41419 0.23972
0.06943 -0.03684 0.31864
0.08273 -0.45985 0.23711
-0.01865 -0.43615 -0.24031
-0.20705 -0.02301 -0.37733
0.07850 -0.36446 0.20228
0.32250 -0.50395 0.40703
0.02530 0.35922 -0.55549
-0.03758 0.27574 -0.21849
0.52149 0.30332 0.44666
-0.22496 -0.34870 -0.20801
-0.08081 -0.47666 -0.11085
-0.21904 0.08215 -0.18124
0.27416 -0.05729 0.26991
-0.03129 0.19661 -0.11044
0.28107 0.36095 0.46152
0.35931 0.14704 0.44536
0.07277 0.38356 0.15174
-0.06929 0.04919 -0.10946
0.18935 -0.61130 0.42181
-0.05717 -0.06412 0.13667
0.28546 0.48407 0.41743
-0.19714 0.63404 -0.05971
-0.13974 0.27021 -0.45551
0.13665 0.78415 0.25558
-0.18297 0.10255 -0.47077
0.03250 0.28659 -0.56485
-0.02774 -0.37079 0.04888
0.36124 -0.12577 0.37724
-0.02924 0.17171 -0.40396
-0.33082 0.69271 -0.24657
0.37448 -0.48383 0.35335
-0.03394 0.21120 -0.25395
-0.10592 0.80261 -0.04181
-0.10115 0.31132 0.07224
0.42319 0.07255 0.35548
0.20813 0.34783 0.41630
-0.07770 0.66957 -0.04703
0.30287 -0.39731 0.40569
0.05679 -0.51648 0.32587
0.32075 0.08558 0.30056
-0.06670 -0.50159 -0.22941
0.11774 -0.21867 0.18708
0.38065 0.37298 0.40825
-0.21957 -0.60615 -0.42223
-0.14675 -0.26627 0.02532
-0.22022 0.22444 -0.37318
-0.12716 0.41779 -0.01651
-0.28485 0.75693 -0.22522
-0.05175 0.32954 0.12440
-0.10941 -0.10976 -0.49570
-0.02674 -0.21111 -0.16551
0.09937 -0.55262 0.37307
-0.03805 0.19761 -0.69097
0.13680 -0.42468 0.35678
-0.05823 0.30240 -0.14536
-0.08567 -0.12218 -0.64816
0.11640 0.00610 0.17127
-0.12049 -0.76483 0.28240
-0.14345 -0.65395 0.15919
0.13565 -0.78037 0.46959
0.04284 -0.25725 0.25136
-0.20985 -0.14657 -0.31675
-0.00142 -0.29149 -0.28179
-0.07359 -0.60761 0.18706
-0.24900 0.22768 -0.17474
0.01745 0.75137 0.16341
-0.09511 0.52690 0.06344
0.00372 0.21078 -0.82457
0.19729 -0.44662 0.38420
-0.16341 -0.23335 -0.61719
0.26902 -0.04320 0.45761
-0.09430 -0.01812 -0.70413
-0.27267 0.34159 -0.15199
0.08507 0.57380 0.27992
0.01256 -0.31927 -0.19382
0.44147 0.18185 0.44061
-0.19855 -0.28949 -0.33580
-0.23714 0.39334 -0.23839
-0.00282 0.25346 -0.73748
-0.18154 -0.55703 0.09651
0.18773 0.61128 0.36450
-0.04758 -0.12635 -0.16015
0.25369 -0.58842 0.41332
-0.10040 -0.02832 -0.33086
0.37984 -0.24293 0.42693
0.02337 -0.41666 -0.29424
0.34150 0.18012 0.32786
0.25980 0.06398 0.44282
0.05075 0.63745 0.24093
-0.03615 0.07803 -0.05041
-0.28547 -0.59269 -0.16721
0.43422 -0.43777 0.43025
-0.07044 0.06024 -0.45891
-0.13252 -0.39221 -0.44262
0.09497 0.80158 0.14903
-0.15494 -0.65783 0.24566
-0.02182 0.34708 -0.50807
0.00780 -0.04504 0.22274
0.32262 0.03592 0.37512
-0.15394 0.67919 -0.03361
-0.18229 -0.52809 0.02325
-0.11520 -0.51592 -0.44466
-0.21459 0.31463 -0.34665
-0.34627 0.55049 -0.23219
0.23466 0.06818 0.24478
0.35912 -0.41214 0.35183
-0.19294 0.00093 -0.15070
-0.00896 0.21633 0.18507
0.02661 0.24055 -0.61356
-0.04054 -0.35024 -0.42654
0.38983 0.40260 0.49541
-0.12218 -0.29529 0.08450
-0.09801 0.36436 -0.39988
-0.01562 0.49806 0.07307
-0.19129 -0.48771 -0.03431
-0.00871 0.80900 0.05778
-0.00556 -0.19369 -0.04248
-0.32578 -0.61509 -0.37076
-0.02687 0.09795 -0.63178
0.21180 0.22187 0.42880
-0.16808 0.37792 -0.22665
0.44340 -0.31758 0.44642
-0.18061 -0.22168 -0.49734
-0.07346 -0.61649 0.28481
0.01907 0.51517 0.14020
-0.10738 0.15481 -0.58768
-0.31369 0.63160 -0.16978
-0.08651 -0.16324 -0.30635
-0.08630 0.04010 -0.37550
0.18187 0.45557 0.27622
-0.28208 0.24132 -0.26742
-0.04708 0.33014 -0.25463
-0.20104 0.04174 -0.44139
0.15527 -0.54667 0.32537
-0.19160 0.31057 -0.05220
-0.35281 -0.68245 -0.37744
0.11865 -0.67992 0.37782
-0.20720 -0.13059 -0.18013
-0.20823 -0.26053 -0.16440
-0.01622 -0.27432 -0.15226
0.00552 0.25922 0.07547
0.05280 0.32363 -0.42812
-0.05979 -0.74845 0.31643
-0.21402 0.19284 -0.09151
0.06090 0.78942 0.20369
-0.15852 -0.00608 -0.55837
-0.02752 0.02241 -0.01255
-0.13370 0.61576 -0.06664
-0.15659 -0.56931 -0.09694
0.05766 -0.53267 0.26217
-0.05543 0.13617 -0.16254
0.18206 0.67857 0.40755
-0.20527 -0.66778 0.18526
0.03237 -0.14983 0.24890
-0.04805 -0.36204 0.20209
0.17412 0.32356 0.23366
0.07604 0.31528 0.15763
-0.18307 -0.41904 -0.39060
-0.09256 -0.01341 -0.24068
-0.05792 0.40917 0.10340
-0.02285 -0.39498 -0.17236
0.06869 0.01336 0.12862
-0.18045 -0.72555 0.26596
-0.32188 -0.60123 -0.29548
0.20579 0.53066 0.34879
-0.01631 -0.72570 0.38342
-0.17341 0.77289 -0.16985
-0.18774 0.48625 -0.09391
0.06725 0.09766 0.32284
-0.09299 -0.46984 -0.00296
-0.07979 0.23568 0.09823
0.04022 -0.74795 0.43175
0.14649 0.79000 0.36519
0.04533 0.27393 -0.83962
-0.06297 -0.49566 0.09855
0.31954 0.51011 0.46775
-0.16715 -0.08835 -0.06513
-0.04095 -0.24591 0.18695
-0.17294 -0.37176 -0.00481
-0.17967 -0.02943 -0.49804
-0.18148 0.52039 -0.03197
-0.19755 -0.39176 -0.30979
0.05302 -0.65706 0.39193
-0.20082 -0.09319 -0.38864
-0.10841 -0.06466 0.05396
0.01234 0.16215 -0.86443
-0.09393 0.73687 -0.08634
0.16135 0.56424 0.40510
-0.11511 -0.29722 -0.48121
-0.25096 0.63036 -0.17632
0.09846 0.61191 0.17119
-0.23306 -0.46691 -0.29307
-0.36515 -0.69123 -0.26996
0.14714 -0.41253 0.25424
-0.15133 0.26543 0.00117
-0.10906 0.58728 0.04080
-0.11458 -0.17239 -0.62016
-0.21754 -0.18911 -0.27127
-0.22676 0.56652 -0.13264
-0.01114 0.31135 -0.62876
0.04041 -0.33755 0.15564
0.07928 0.74581 0.10931
-0.26140 0.39930 -0.12932
0.00705 0.14774 0.22522
0.16241 0.61787 0.30802
0.16854 -0.55558 0.40102
-0.24526 0.69829 -0.13687
0.26092 -0.44275 0.40015
0.13752 0.36000 0.34005
0.34464 -0.18578 0.40720
0.12139 0.52064 0.33457
0.30499 -0.03678 0.39283
-0.05901 -0.69065 0.27698
0.36071 0.27430 0.47484
0.12126 0.64243 0.36080
0.02181 0.42363 0.16249
0.15546 -0.73796 0.41901
-0.08558 -0.18519 0.11332
0.43487 -0.45377 0.36354
-0.00778 0.56743 0.05284
0.09018 0.44676 0.26731
-0.08299 0.05755 -0.69239
0.15898 -0.62887 0.36551
-0.02743 -0.46412 -0.37888
-0.18618 -0.09194 -0.49497
0.13151 0.10907 0.17742
0.41525 0.34673 0.49424
-0.24956 0.14358 -0.29201
-0.02662 0.34142 -0.31118
-0.33764 0.41843 -0.22830
0.13188 -0.02316 0.43337
-0.32232 0.50255 -0.17820
-0.05951 -0.46680 0.23148
-0.12803 -0.16555 -0.45336
-0.33852 -0.64194 -0.23901
-0.15781 -0.43052 0.07455
-0.24891 -0.51299 -0.34530
0.37435 0.06352 0.39133
0.23650 0.40332 0.32630
-0.04197 -0.39396 -0.11348
0.04514 -0.15532 0.08936
-0.02086 0.07153 -0.69216
0.00540 0.13357 -0.70032
0.02508 0.31181 -0.71553
0.39183 -0.24525 0.36774
0.27070 -0.31842 0.29695
-0.11121 -0.14545 -0.36838
-0.15528 -0.13639 -0.65235
0.24880 -0.53792 0.35123
0.27696 -0.42389 0.32607
0.14331 0.52587 0.24247
-0.22969 0.02439 -0.25551
0.38205 -0.35442 0.35860
-0.30696 -0.67403 -0.33993
0.00465 0.01874 0.21874
0.07831 0.16704 0.31705
0.29129 0.19823 0.30126
-0.20618 -0.43183 -0.11616
-0.08686 0.61283 -0.02992
0.04386 -0.27645 0.12714
-0.19141 0.61967 -0.12726
0.02122 -0.66821 0.32241
0.43437 -0.49845 0.40589
-0.00756 -0.54983 0.29607
-0.02706 -0.32616 -0.07715
0.02835 0.37990 -0.48027
-0.12364 -0.00420 0.02155
-0.01344 0.15331 -0.81184
0.00172 0.73731 0.01506
0.12973 0.09401 0.42368
-0.18870 -0.14875 -0.11750
0.41410 0.25693 0.38605
-0.30625 0.35124 -0.21128
-0.17808 -0.57604 -0.45118
0.00991 0.30588 0.19334
0.21380 0.62939 0.42930
-0.18789 -0.27722 -0.08710
-0.07954 0.07782 -0.25347
-0.26666 -0.56917 -0.41734
0.04337 0.05951 0.10277
-0.23835 0.76010 -0.16179
-0.10075 -0.05284 -0.45979
0.23965 -0.24823 0.38201
-0.21792 -0.02610 -0.29948
-0.12080 -0.54420 0.21017
0.31287 0.38616 0.36824
0.17508 0.22562 0.22040
-0.18017 -0.13446 -0.54403
-0.29958 0.32017 -0.26734
-0.14933 0.21951 -0.48208
-0.11121 -0.07681 -0.37765
-0.06505 -0.41296 0.00154
-0.22904 -0.55629 -0.09334
0.31309 -0.00628 0.30251
0.00773 0.22407 -0.49410
-0.27918 -0.53675 -0.22075
-0.15644 -0.62152 0.09392
-0.18920 -0.60856 -0.36391
-0.08972 -0.06911 -0.25574
-0.34543 -0.65339 -0.50879
-0.10134 0.20956 -0.56328
0.28285 0.30333 0.45901
0.18860 -0.30308 0.36623
-0.12087 -0.34912 0.10492
-0.14488 0.76983 -0.06868
0.26986 0.44345 0.37981
0.09578 -0.36350 0.31071
-0.09969 0.05252 0.05774
-0.25526 0.34871 -0.29477
-0.20456 0.69612 -0.09362
0.15674 -0.08615 0.41516
0.29596 0.13314 0.46158
-0.20945 0.11717 -0.12351
-0.15637 -0.57261 0.15730
-0.06726 -0.06254 -0.67459
0.33857 -0.12810 0.31878
-0.16793 -0.27615 -0.48627
0.00577 -0.35127 0.24510
-0.12529 0.48155 0.03277
-0.16964 -0.59300 -0.17313
-0.23106 0.08494 -0.30398
0.06333 -0.10007 0.11851
-0.06577 0.27086 -0.56533
0.03686 -0.03655 0.27077
0.12973 -0.19638 0.34122
0.07271 -0.21742 0.14070
-0.16684 -0.30726 -0.01154
0.13777 -0.66343 0.42849
-0.20546 -0.06517 -0.18642
0.43920 0.23460 0.47018
-0.07054 0.15353 -0.66381
-0.05001 -0.27905 -0.33381
0.07946 -0.15928 0.30224
-0.05780 -0.50152 -0.28519
-0.12165 0.56832 -0.03507
-0.23988 -0.61143 -0.08517
0.09790 0.70532 0.32942
-0.07272 -0.49071 -0.41533
-0.18229 0.36391 -0.03703
0.10740 0.02816 0.40404
-0.01285 0.76929 0.09722
0.01269 -0.43470 -0.35323
-0.02902 -0.05432 -0.04326
0.02608 0.08046 0.25563
-0.05717 0.68715 0.07920
-0.00285 0.28116 -0.34490
-0.10134 -0.14450 -0.69650
-0.11131 0.36653 -0.03026
-0.10997 0.05773 -0.63884
0.02723 -0.08884 0.25038
-0.06689 -0.03444 -0.14100
-0.11900 0.18013 0.03996
-0.10810 -0.23141 -0.40417
-0.15488 0.13494 -0.01367
0.02954 0.37224 -0.39875
0.05511 -0.35022 -0.35633
0.36865 0.06492 0.32219
0.30667 -0.32031 0.40401
0.24351 0.64374 0.50176
0.12441 0.77736 0.20002
0.45798 0.34540 0.43517
0.36186 -0.53479 0.38400
0.08519 -0.72693 0.38808
0.15113 0.73267 0.30958
0.23700 -0.02115 0.24437
0.03131 0.20780 0.09358
0.09205 0.81509 0.24825
-0.04428 0.20232 0.14562
-0.11218 0.34672 -0.14732
-0.28245 0.42109 -0.22515
-0.12429 -0.55964 -0.21855
0.37214 0.43694 0.44244
0.06249 0.37985 0.23193
0.12369 -0.14090 0.17608
-0.28130 -0.67012 -0.20142
-0.02665 -0.80809 0.40398
-0.20991 0.16386 -0.40012
0.41245 -0.36639 0.43688
-0.12523 -0.72156 0.24390
0.04044 -0.31046 0.26114
-0.14485 0.73818 -0.13974
-0.18590 -0.19709 -0.44953
0.14633 0.38982 0.22626
0.05405 0.69180 0.26625
-0.05253 0.05541 -0.58955
-0.08050 0.00198 -0.49212
-0.06278 0.46261 0.09191
-0.23626 -0.63912 -0.34113
-0.21097 -0.72409 0.18074
-0.18366 0.58512 -0.03804
0.04000 -0.42235 0.27516
0.26154 0.55139 0.44596
0.03785 -0.01793 0.09808
0.47464 0.29200 0.42352
0.03178 -0.59133 0.28187
0.38002 -0.30103 0.35835
-0.04313 -0.36726 -0.01849
-0.11109 -0.60516 0.24879
-0.15401 -0.01720 -0.03099
-0.18696 -0.48135 -0.40524
-0.03294 -0.57230 0.20225
-0.27666 0.70371 -0.22638
0.45490 0.38304 0.50319
-0.23218 0.52643 -0.08532
-0.06069 0.79124 -0.06824
0.46187 0.15773 0.39373
0.23320 -0.64389 0.42698
-0.06312 -0.39498 -0.45260
0.21177 -0.23145 0.25533
0.19449 -0.29996 0.25188
0.20470 0.45259 0.42183
-0.18369 -0.31481 -0.39183
0.17773 -0.69399 0.45110
-0.19702 -0.38356 -0.09697
0.29157 -0.11465 0.36379
0.45150 -0.33747 0.39565
0.03212 0.59059 0.07829
-0.04612 0.26184 -0.61333
-0.28825 0.59235 -0.14584
-0.02864 -0.42464 0.10400
0.01262 0.69123 0.04016
0.01932 0.21619 -0.88059
-0.16618 -0.11210 -0.58942
0.03679 0.78380 0.06477
-0.08791 0.11883 0.07843
-0.29043 0.44567 -0.15445
-0.05988 -0.29289 0.17336
0.17546 0.25585 0.39540
-0.10956 -0.74355 0.33217
-0.22409 0.68687 -0.19063
0.06311 -0.38251 -0.29729
0.13151 -0.04337 0.17928
0.07146 0.25385 0.28232
-0.30373 -0.65464 -0.44025
0.13615 0.71160 0.38648
-0.23517 0.13957 -0.19502
0.48794 0.29355 0.48575
0.08326 -0.77194 0.41494
0.02434 -0.80911 0.43192
-0.11358 -0.51698 -0.10924
0.00147 -0.41208 0.14452
0.18564 0.12115 0.21595
-0.21823 0.50145 -0.13309
0.42774 0.43885 0.48709
0.11354 -0.60737 0.34091
0.33178 0.47018 0.43720
-0.13276 -0.53633 0.01082
-0.19855 -0.00933 -0.44900
0.14366 0.64886 0.26934
0.18234 0.57369 0.32926
-0.05605 -0.11679 0.14481
0.05716 0.53446 0.18736
0.41550 0.13591 0.36159
-0.12763 0.42979 0.03361
0.00948 0.07847 0.05052
0.12768 0.24947 0.34941
-0.16214 -0.59644 -0.28122
0.12927 -0.28567 0.21690
0.24622 0.49696 0.38671
0.28294 -0.60079 0.37288
-0.22518 0.59372 -0.08557
0.25033 -0.37651 0.29445
-0.21997 0.08038 -0.35385
-0.21253 0.03257 -0.37540
-0.19911 0.42239 -0.11924
-0.20627 -0.67353 0.11926
-0.07795 0.36700 0.01978
-0.08066 -0.80942 0.34536
-0.07203 -0.11051 -0.22788
0.18717 -0.38228 0.26438
-0.04665 0.13758 -0.35239
-0.03447 0.22213 -0.06539
-0.08832 0.77483 -0.00263
0.21984 -0.54874 0.40786
0.04801 0.26303 -0.71930
-0.13731 0.32533 -0.40848
-0.03151 -0.63147 0.32336
-0.08978 -0.38688 0.15920
-0.00837 0.37759 -0.36514
-0.04120 0.11604 -0.51894
0.09108 -0.09185 0.32940
-0.16179 0.79406 -0.11800
-0.18226 0.09348 -0.05505
-0.07462 0.01767 -0.15579
-0.15304 -0.19410 -0.00565
-0.32674 0.45074 -0.19060
0.09672 -0.41186 0.22808
-0.33652 0.72508 -0.20522
0.11830 0.48232 0.19648
0.05174 0.20048 0.26910
0.03377 0.44995 0.11429
-0.29348 0.65887 -0.20974
-0.19285 -0.12758 -0.42897
0.18035 0.71669 0.44509
-0.14990 -0.55249 -0.04194
-0.15743 0.11235 -0.51875
-0.06624 -0.01743 0.11927
0.01568 -0.19243 0.01620
0.18760 0.30616 0.39616
0.10634 0.42804 0.18155
0.23043 -0.07211 0.44235
-0.16544 -0.51504 -0.43897
-0.12028 -0.11279 0.04446
0.13182 0.83765 0.26960
0.25052 0.11351 0.47073
0.14210 -0.72995 0.47013
-0.05191 0.64519 -0.00895
0.27880 -0.21874 0.39303
0.10379 -0.52614 0.28087
0.02181 0.62974 0.18149
0.04956 0.17765 -0.82333
0.02779 0.33656 -0.59990
0.11681 0.20661 0.17646
0.17156 0.65734 0.45989
-0.34269 0.59235 -0.19033
-0.21857 -0.29945 -0.19357
0.09834 0.51796 0.28785
-0.00198 -0.25280 0.22126
-0.10950 -0.65390 0.27904
-0.03129 0.05880 0.16704
-0.06941 0.28247 0.11119
-0.31653 -0.62953 -0.19628
-0.06253 0.53976 0.02579
0.01194 0.19593 -0.59618
-0.12993 0.30515 0.03236
0.14780 0.78208 0.31121
0.02960 0.16731 -0.74168
-0.06605 0.10902 -0.28932
0.20585 0.04639 0.49507
-0.02681 0.22364 -0.30118
0.24722 0.27884 0.28011
-0.26127 -0.58800 -0.12296
-0.14254 0.55562 0.00980
0.05464 0.16529 -0.88947
-0.15117 -0.30685 -0.52095
-0.23605 -0.46630 -0.18041
0.27444 -0.35829 0.39588
-0.16908 0.15205 -0.48424
-0.23293 0.26816 -0.35450
0.02795 0.28267 -0.43933
-0.09530 -0.52271 -0.19541
-0.01397 -0.27276 -0.03859
0.32113 0.38425 0.47797
0.00895 -0.09343 0.02613
-0.01970 -0.06373 0.18666
0.06950 0.56069 0.23528
-0.23773 -0.64688 -0.25138
0.22040 -0.62386 0.37559
-0.05861 -0.00563 -0.67307
-0.00756 0.18310 -0.52241
-0.17615 -0.19958 -0.07019
0.27765 0.49667 0.49053
0.10214 -0.01222 0.37098
-0.22153 -0.75908 0.25605
0.14007 0.29982 0.20108
-0.20808 -0.37082 -0.14310
0.21177 -0.71690 0.41937
0.39694 -0.17966 0.37585
0.07741 -0.74755 0.46323
0.05969 -0.57686 0.35855
-0.26735 -0.65995 -0.30995
0.00845 0.12963 0.04865
0.12942 0.05226 0.17926
0.38669 -0.48951 0.40902
-0.14544 0.48787 -0.02978
-0.06976 0.29794 -0.52520
-0.06636 0.29420 -0.04902
0.03907 0.24096 -0.93570
0.20557 0.54088 0.44874
0.40298 -0.29312 0.43537
-0.17793 -0.18171 -0.55477
-0.08670 -0.52958 -0.31221
-0.15071 -0.03582 -0.59769
-0.05175 0.11266 -0.47177
0.02711 -0.62985 0.36139
-0.12775 -0.47050 0.13770
0.33583 -0.51236 0.34775
0.16019 0.45114 0.37501
-0.12725 0.06167 0.01912
-0.11691 -0.56247 0.07615
0.03446 -0.32690 -0.25400
-0.13946 -0.34188 -0.48726
0.19511 -0.35035 0.37204
0.47169 -0.39785 0.39194
-0.07437 -0.23787 -0.32982
0.25422 0.46233 0.46658
0.18564 -0.45737 0.29459
-0.07720 0.57572 0.07472
0.08407 0.77793 0.27745
0.31695 0.29421 0.33828
-0.00544 0.30728 0.08065
-0.02431 0.27848 0.04337
-0.17827 -0.61428 0.16584
0.29418 0.00550 0.35162
-0.09461 -0.29181 0.12401
-0.31908 -0.60745 -0.51411
0.12516 0.16782 0.38056
-0.09657 -0.44298 -0.44181
-0.09371 -0.49807 0.22045
-0.03366 -0.22520 -0.24157
0.07872 0.23162 -0.90284
0.02580 0.27151 -0.51536
-0.03889 0.24399 -0.12553
-0.11641 -0.55188 -0.34236
0.08333 0.52814 0.14441
0.05159 -0.19034 0.26479
0.25603 0.00246 0.45171
0.02119 0.25588 -0.79978
-0.01045 0.19492 -0.45171
0.30032 0.18024 0.45875
-0.01790 0.32674 0.15741
0.24843 -0.47227 0.32940
0.33414 -0.23445 0.32968
0.09865 -0.10605 0.14947
-0.05998 0.39195 -0.39404
0.17764 -0.21107 0.22914
-0.25037 -0.64339 -0.15330
0.03676 -0.46584 0.21321
0.31555 0.23434 0.32607
0.24307 -0.15163 0.38809
0.30234 -0.54740 0.40114
-0.20446 -0.52862 -0.06396
-0.20437 -0.18882 -0.16185
-0.00373 -0.72521 0.33795
-0.12165 -0.04839 -0.66961
0.01655 0.56133 0.14919
0.18489 0.18423 0.42039
-0.26124 0.52603 -0.17140
0.00923 0.26133 -0.39283
-0.17285 -0.35841 -0.41085
0.15425 0.07929 0.47205
-0.07393 0.36119 0.09788
-0.26018 -0.72598 0.17520
-0.11280 0.00134 -0.66205
0.04748 0.35124 0.12919
0.22460 0.12048 0.24457
-0.08848 -0.06952 -0.55663
0.42216 -0.22542 0.39730
-0.03114 0.38393 0.07033
-0.00270 -0.01627 0.03943
-0.03609 0.14474 -0.74889
-0.03391 0.60090 0.11895
0.04340 0.66716 0.07424
-0.06817 0.08101 -0.14351
-0.11146 0.63262 0.03055
-0.32338 -0.61314 -0.41720
-0.01301 -0.42854 -0.40646
-0.02238 -0.22379 -0.12099
-0.21054 -0.28459 -0.29115
-0.22505 -0.04062 -0.25590
0.26301 -0.21533 0.27784
-0.18238 -0.04137 -0.12147
-0.21293 0.02578 -0.20103
0.09457 -0.51142 0.35209
0.08414 0.26487 0.15772
-0.20213 -0.62198 -0.23570
-0.01510 0.06910 -0.74894
-0.00949 0.05379 0.01651
-0.07119 0.37275 -0.28226
-0.05228 0.12027 0.13259
-0.06041 0.06017 -0.74311
-0.09106 -0.47335 -0.06612
0.02119 0.19796 -0.65080
-0.20798 0.43150 -0.06005
-0.08091 -0.55177 0.12108
0.07196 0.60466 0.10946
-0.18749 0.35012 -0.33001
0.30253 -0.08763 0.28927
0.17181 -0.16979 0.37926
-0.17690 0.24490 -0.43126
0.31490 0.14960 0.30666
-0.00647 0.79888 0.00857
-0.17827 -0.51505 0.06682
-0.20895 -0.70302 0.22118
-0.23007 0.40211 -0.09177
0.12587 0.73449 0.21550
-0.01080 0.17650 0.00754
-0.06926 -0.65442 0.30976
0.48551 0.38208 0.46059
-0.02531 -0.50565 0.16370
-0.10380 0.29310 -0.48055
0.09600 0.69596 0.15230
0.18835 0.49836 0.31065
-0.14401 -0.52948 0.14963
0.11049 -0.24986 0.32045
-0.27678 0.23227 -0.22315
-0.07726 0.10629 -0.67744
0.04773 -0.75144 0.37983
-0.04979 0.36219 -0.44855
0.37364 0.29496 0.37439
-0.06396 -0.43077 -0.09867
0.21619 0.13663 0.45221
-0.02777 0.12247 -0.04740
0.05944 0.18557 0.12245
0.46200 0.24365 0.40708
0.06364 -0.70739 0.42443
-0.01438 -0.15440 -0.06306
-0.04067 -0.58642 0.29291
0.39117 -0.44236 0.36318
0.14917 -0.29487 0.34307
-0.23343 0.22542 -0.12745
0.12833 0.56174 0.21970
-0.09741 0.82362 -0.08070
-0.15936 -0.38852 0.04365
-0.08496 -0.12092 -0.27535
-0.27034 0.73924 -0.18549
0.04386 0.78763 0.16096
-0.04979 0.42477 0.05894
0.18978 -0.40297 0.37679
-0.03098 0.36749 0.13631
-0.21972 -0.31210 -0.24425
0.26123 -0.10068 0.26427
-0.08667 -0.07574 0.09158
-0.08636 0.02191 -0.21379
0.39201 -0.40729 0.42689
0.04371 0.35135 -0.51157
0.19131 -0.51596 0.39710
-0.30207 -0.67249 -0.15807
0.18393 -0.25072 0.37286
0.28210 0.41343 0.47024
-0.12130 0.21579 -0.52375
0.45035 -0.38925 0.44296
-0.07405 -0.28411 -0.38046
0.02125 -0.69957 0.39428
0.32701 -0.45013 0.34642
-0.05786 0.51808 0.09188
0.24613 0.32688 0.43569
0.02293 0.17686 -0.69524
-0.10383 0.38363 -0.33118
-0.04188 0.03000 -0.69386
-0.22508 -0.50928 -0.38359
-0.12068 0.10874 -0.59048
0.26139 0.58662 0.48976
-0.19378 0.39715 -0.19371
-0.01154 -0.30042 -0.32769
0.15116 0.01878 0.19874
-0.02291 -0.68415 0.30194
-0.17316 0.02093 -0.06896
-0.04534 -0.50425 0.25055
0.09435 -0.40721 0.31805
-0.19820 -0.41585 -0.34905
-0.01142 -0.46234 0.25154
-0.20016 0.13019 -0.42971
0.07710 0.10762 0.13594
0.11148 0.40428 0.30831
0.23803 0.35647 0.29902
0.09220 0.61413 0.31102
0.18418 -0.07179 0.21519
-0.16123 0.38993 -0.00691
-0.06060 -0.08419 -0.16157
-0.28603 0.60563 -0.19852
0.49922 0.34105 0.45194
-0.31064 0.48247 -0.21668
-0.30865 0.54274 -0.16215
-0.10405 -0.25286 0.09999
-0.04316 -0.60968 0.22327
0.03197 0.46910 0.15391
0.03975 0.28408 0.23314
0.13680 0.66186 0.39711
-0.11679 -0.18598 -0.57838
-0.09358 -0.50821 -0.14741
-0.17755 -0.41489 0.00215
-0.10629 -0.61716 0.15937
0.32471 -0.44933 0.41002
-0.01921 0.45333 0.07986
-0.05431 0.31781 -0.21248
-0.12900 -0.11092 -0.69101
0.05056 -0.20230 0.10314
-0.04394 -0.37423 -0.07445
0.16957 0.26899 0.21829
-0.21234 -0.37738 -0.26116
-0.16734 0.45537 -0.07055
0.07498 -0.67720 0.35643
-0.02354 -0.19002 0.19536
0.00655 -0.46457 0.17700
0.23812 0.58826 0.43924
-0.06191 0.00610 -0.11038
-0.27629 0.66965 -0.14810
0.10189 0.08369 0.38845
0.18016 0.58397 0.43916
0.14939 0.56700 0.26378
0.42135 0.36719 0.42625
-0.19400 -0.58899 -0.08673
-0.05060 0.15175 -0.70757
-0.08623 -0.72438 0.28035
-0.14217 0.03085 -0.58737
0.07140 0.72740 0.28645
-0.18266 -0.24041 -0.44948
0.00478 0.30374 -0.67612
0.06442 0.25358 -0.80336
0.02795 -0.20335 0.05731
-0.00827 0.21624 -0.39471
0.13889 0.55035 0.37072
0.04284 -0.47292 0.29048
-0.02089 -0.30252 -0.11747
-0.17709 0.59474 -0.09490
-0.17269 0.32759 -0.37075
0.07504 0.48202 0.19754
0.01948 0.16232 0.07477
-0.09863 -0.03705 -0.28338
0.20813 0.44653 0.30937
-0.25402 0.14020 -0.23392
-0.18593 -0.52979 -0.02281
0.36299 -0.28429 0.42165
0.16885 0.36104 0.37716
0.47807 0.19034 0.41686
-0.17562 -0.22447 -0.54960
0.38974 0.16872 0.35064
-0.00292 -0.34702 -0.38828
-0.05060 -0.64730 0.24844
-0.13354 0.36963 -0.19740
-0.31609 0.73690 -0.24702
-0.08430 0.01634 -0.44832
0.04785 0.26891 0.12203
0.22878 -0.67212 0.39481
0.08787 -0.36483 -0.32801
-0.37212 0.59347 -0.22263
-0.11187 0.65273 -0.06871
-0.10785 -0.53473 -0.40674
-0.04767 0.29712 0.01254
0.02904 -0.37864 0.16070
-0.11545 -0.14704 -0.51609
-0.14202 0.38161 -0.05616
-0.30809 -0.66872 -0.38247
-0.07894 -0.69321 0.32527
-0.14600 -0.69269 0.27257
-0.22926 -0.49583 -0.14403
-0.05094 0.04248 -0.06916
-0.15740 0.37076 -0.27038
-0.02621 -0.02039 -0.01548
0.05068 0.49069 0.12153
0.40117 0.25329 0.47594
-0.26647 0.30132 -0.16495
-0.03930 -0.47328 -0.25896
-0.21505 0.77751 -0.19312
-0.05303 -0.40449 0.04166
0.03726 0.15835 -0.78725
-0.08695 0.16114 -0.62519
-0.21770 -0.23859 -0.19972
0.23712 0.20711 0.26085
0.19558 -0.54353 0.33887
-0.10632 -0.14510 0.07378
0.03605 0.68565 0.22635
-0.06537 -0.19941 -0.27969
-0.18191 0.18502 -0.04737
-0.21649 -0.10794 -0.28713
0.23741 0.37073 0.43692
-0.14021 -0.23124 -0.50643
-0.26102 0.48033 -0.11334
-0.24150 0.18226 -0.18583
-0.05203 -0.72501 0.36056
-0.19774 -0.20338 -0.37539
0.02421 -0.32747 -0.32708
0.19530 -0.14661 0.22832
-0.01394 0.13740 -0.60425
-0.29585 -0.57676 -0.38662
-0.23492 0.31412 -0.11164
-0.03817 0.09487 -0.58411
0.26288 0.32054 0.30693
0.29390 0.05837 0.28251
-0.14983 -0.57078 -0.14243
0.05059 -0.38343 -0.38204
0.28839 -0.47418 0.40661
-0.07648 0.30922 -0.10791
-0.18042 0.71839 -0.16646
-0.17995 -0.75069 0.23207
-0.07038 0.10002 -0.18859
-0.32484 -0.68329 -0.27955
0.10834 0.80054 0.30724
-0.35319 0.66838 -0.22044
-0.08925 0.43602 0.07283
-0.34163 0.53791 -0.19038
-0.02615 0.18053 -0.35826
-0.29653 -0.56543 -0.27916
-0.15843 -0.75383 0.29679
0.45097 -0.49173 0.35545
0.12537 0.32324 0.32375
-0.01379 0.17502 0.19096
0.38398 -0.52347 0.34334
-0.23249 -0.56414 -0.45338
-0.08953 0.48407 0.06776
-0.02827 -0.13302 -0.09635
0.11273 -0.46742 0.35164
-0.13625 -0.19639 -0.48328
0.14095 -0.10496 0.37855
0.47801 -0.30720 0.42535
0.06947 -0.27116 0.28282
0.35268 0.42137 0.49186
-0.19602 -0.33774 -0.33083
0.06747 -0.59984 0.31088
-0.12155 0.45753 -0.00503
0.10622 0.38079 0.18116
-0.03933 -0.80192 0.36083
0.08535 0.57669 0.14327
0.39955 0.15693 0.44062
-0.17173 -0.47402 0.06320
0.33913 0.19543 0.45739
-0.19549 -0.33246 -0.10334
0.11625 -0.33491 0.22244
-0.20527 0.06787 -0.14463
-0.19879 0.25186 -0.39602
-0.04310 -0.42386 -0.15031
-0.01139 0.27255 0.17313
0.40927 -0.52543 0.38627
-0.22801 0.46518 -0.15081
-0.02484 -0.34563 0.01599
0.31898 0.28450 0.46689
0.05782 0.03088 0.30699
0.29534 -0.51980 0.35254
-0.35129 -0.65068 -0.27745
-0.13451 0.80706 -0.08926
-0.37116 -0.68717 -0.34016
-0.16154 0.06907 -0.52176
0.26743 0.40456 0.35371
0.06286 0.78216 0.09713
0.11077 0.19924 0.34740
-0.13401 -0.20634 -0.63349
0.02437 -0.27990 0.07727
-0.28488 -0.60776 -0.49099
-0.24639 0.43516 -0.20292
-0.22745 -0.62628 -0.37930
0.27680 -0.27312 0.39372
0.07071 -0.32830 0.18200
0.24018 -0.19272 0.38721
-0.21938 0.65769 -0.09302
-0.16886 0.73706 -0.07559
-0.02419 0.21584 -0.00347
-0.10262 -0.03744 -0.38595
-0.10003 -0.12958 -0.32762
-0.26644 0.26301 -0.18655
0.02711 0.72532 0.19530
-0.21256 0.27614 -0.08291
-0.25859 0.25182 -0.32688
0.11802 0.73325 0.35184
-0.03964 -0.48790 -0.34155
-0.10137 0.36751 -0.22505
0.02599 0.33388 -0.64218
-0.02752 0.11497 -0.77574
0.07099 0.20927 -0.93894
-0.02027 0.21929 -0.72315
-0.01846 0.11732 0.18273
0.30991 -0.17213 0.30500
-0.05381 -0.32105 -0.40114
0.27821 0.09744 0.27592
0.47449 -0.43512 0.42373
-0.17927 -0.27929 -0.43741
0.10616 -0.48976 0.26245
-0.23692 -0.45564 -0.25129
0.51046 0.26698 0.46161
-0.08751 0.04023 -0.33473
-0.06477 -0.02505 -0.59839
0.19321 -0.65942 0.43600
0.14154 -0.52162 0.29628
0.34392 -0.38897 0.41655
0.03396 0.29689 -0.60683
0.03567 -0.55134 0.32671
-0.13111 -0.19574 -0.42620
-0.08053 -0.58282 0.15553
-0.02674 0.25100 -0.25826
-0.05101 0.01875 0.14212
-0.19475 -0.69380 0.15585
-0.01123 0.49427 0.12105
0.12805 0.69146 0.22687
-0.15612 0.55761 -0.05366
-0.09240 -0.69608 0.25077
0.40444 -0.21092 0.43240
-0.01603 -0.20701 -0.08076
0.02583 0.38861 -0.44076
-0.01911 -0.14981 0.19790
-0.03459 0.78634 -0.03652
0.25712 0.17170 0.26934
0.28372 0.04750 0.41460
-0.13270 -0.21822 -0.55255
-0.08605 -0.10717 -0.60666
-0.28641 -0.58972 -0.45045
0.32689 -0.32789 0.33141
0.33137 0.48186 0.49410
-0.11928 0.69439 -0.00069
-0.05316 0.16374 -0.20463
0.22034 -0.69236 0.45028
0.15752 0.73429 0.35999
-0.05216 0.48967 0.05127
0.09466 -0.05357 0.34525
-0.16341 0.63858 -0.10532
-0.04817 0.17076 -0.26779
0.38837 0.30220 0.48367
0.05576 -0.06718 0.29255
-0.18095 -0.60989 -0.32454
0.05657 -0.05792 0.11568
0.07831 0.69692 0.11311
0.05339 0.33961 -0.46965
0.03872 0.26021 -0.64642
-0.17347 0.05403 -0.04624
0.04187 0.39698 0.20038
0.40762 -0.32625 0.37297
-0.13579 -0.53861 -0.08162
0.00107 -0.14054 -0.01844
-0.17634 0.69843 -0.06520
0.20461 0.66880 0.43925
-0.08116 0.04108 -0.41692
-0.00877 0.09663 -0.81497
0.26466 0.26074 0.44723
-0.00659 0.34621 -0.57776
0.39180 -0.14437 0.39523
-0.09184 -0.32374 -0.46138
-0.24934 -0.54027 -0.39087
-0.02790 -0.38144 0.08744
0.31670 -0.04593 0.30626
0.02807 0.34984 0.20625
0.06757 0.29979 0.26616
-0.07465 -0.58201 0.26465
-0.16977 -0.58650 -0.40269
-0.04873 -0.04426 -0.09845
-0.00385 0.39484 0.15219
-0.00933 -0.29872 0.01613
0.23298 0.03279 0.46341
0.00590 -0.32767 0.09652
-0.08561 0.74120 0.02054
-0.03338 0.23084 -0.21598
0.06255 0.59885 0.24432
0.11619 -0.17988 0.17319
-0.10906 -0.09163 -0.45707
-0.08044 0.02651 -0.71711
-0.15662 -0.13353 -0.02613
-0.11155 -0.26930 -0.45321
-0.13800 0.39177 0.02515
0.01521 -0.66597 0.37255
-0.00834 -0.54256 0.21117
-0.10025 0.68990 -0.07593
-0.00043 0.23439 -0.77211
0.00540 -0.28517 -0.24330
-0.17830 -0.65387 0.21394
-0.23371 0.10523 -0.21467
0.08186 0.13267 0.33631
-0.15977 0.69927 -0.13220
-0.00653 0.67184 0.15297
-0.16609 0.22235 -0.02232
-0.26158 0.57923 -0.17559
0.23009 0.55625 0.47563
0.08554 0.81820 0.18357
-0.05848 0.19029 -0.65598
-0.20453 0.39153 -0.06360
-0.07287 -0.04775 -0.71893
-0.08991 0.41917 0.02911
-0.15351 -0.23540 0.00176
0.08108 -0.60087 0.38308
-0.14796 -0.79248 0.28810
0.14042 0.61998 0.39141
0.18707 0.50972 0.42103
-0.25134 0.77008 -0.20636
0.24625 0.53117 0.40613
-0.00008 0.10533 -0.72897
-0.25439 -0.62130 -0.43226
-0.16986 -0.18557 -0.63409
-0.04443 0.79593 0.03197
-0.13432 0.12357 -0.55231
-0.25651 -0.50600 -0.30744
0.17100 -0.12215 0.20961
-0.13414 -0.62272 0.12617
0.05075 0.07428 0.29603
-0.10480 -0.21423 0.09045
-0.14261 0.09229 0.00006
0.01253 -0.39678 0.25085
-0.20502 0.77110 -0.14227
0.11142 -0.64623 0.35924
0.05542 0.42333 0.13313
-0.03889 -0.17803 -0.18253
0.11802 0.28149 0.32918
-0.10473 0.39053 0.00026
-0.14473 0.51208 0.01020
-0.01217 -0.60465 0.24845
0.17975 0.11895 0.45535
0.11849 -0.73517 0.40684
-0.13133 -0.57001 -0.28612
-0.15503 -0.07458 -0.59855
-0.07842 0.66073 0.05992
0.34121 -0.22504 0.41130
-0.05724 -0.13104 -0.19762
0.20828 0.64451 0.48515
-0.01095 -0.40761 -0.21495
-0.22231 -0.41757 -0.21562
0.25239 0.24090 0.27318
0.10123 -0.12916 0.33331
-0.00532 0.60460 0.04177
-0.21350 -0.64763 0.14731
-0.04073 0.16542 -0.14161
-0.17693 0.38895 -0.11885
0.44552 -0.26262 0.40931
0.17187 -0.49638 0.30322
0.24812 0.22420 0.44229
-0.17185 0.62626 -0.03136
-0.22063 0.65300 -0.16799
-0.27392 0.20357 -0.26437
-0.03070 0.16240 -0.07134
0.17888 0.18717 0.22268
-0.29435 0.49461 -0.15000
0.16789 -0.76604 0.44254
0.34763 -0.37557 0.34616
0.23610 -0.11423 0.39772
0.02779 0.17104 0.24803
-0.09769 -0.53562 -0.23300
-0.31983 0.77229 -0.21970
-0.07359 -0.00457 -0.53582
0.11703 -0.29014 0.32227
-0.08972 0.32478 -0.05147
0.36373 0.36938 0.48737
-0.15111 0.41956 -0.04659
-0.12784 0.71439 -0.11473
0.06352 -0.49235 0.24439
-0.20119 -0.45597 -0.08666
-0.05403 0.33698 -0.48969
0.03676 -0.39234 -0.26778
-0.25352 0.73494 -0.22740
0.05772 0.14756 0.11786
-0.04397 0.26866 -0.15663
-0.23137 0.36533 -0.26849
0.16004 0.65544 0.31457
0.15350 0.70350 0.41954
-0.14432 -0.68089 0.18625
-0.20191 -0.16178 -0.36059
-0.26267 0.57212 -0.12103
0.47374 0.25079 0.47006
-0.17712 -0.29171 -0.04482
-0.12847 -0.25671 0.05737
-0.22496 -0.16940 -0.23887
-0.10953 -0.50414 -0.00442
-0.08742 -0.48188 0.03272
0.07772 0.41535 0.24979
0.03072 -0.12894 0.06606
-0.08302 -0.01587 -0.19729
0.01378 -0.04581 0.06022
0.48377 -0.34105 0.44533
0.24264 -0.04530 0.48482
0.19252 0.29131 0.24152
-0.05770 0.70076 -0.03882
-0.18518 -0.44308 -0.02668
-0.07929 0.82448 -0.02593
0.34181 0.24242 0.46682
-0.21882 0.72070 -0.11871
-0.35440 -0.67596 -0.23383
-0.25884 0.66802 -0.19742
-0.13482 0.14865 0.01540
-0.00519 0.34756 0.08730
-0.22530 0.33881 -0.31573
0.11052 0.28723 0.18101
0.10267 0.47686 0.29019
-0.25050 0.35572 -0.12479
0.03972 0.02188 0.10350
0.23261 0.03053 0.24197
-0.35110 -0.64469 -0.37786
0.18514 -0.33648 0.25440
-0.18509 0.05263 -0.47392
0.03511 -0.21806 0.24375
-0.20795 0.14516 -0.09825
-0.00961 -0.02171 0.19874
-0.26355 -0.49928 -0.25664
-0.11137 0.27849 0.05673
0.46430 0.32045 0.49751
0.06180 0.35635 -0.41178
0.02552 0.23915 -0.85139
0.04203 -0.41683 -0.33469
0.13631 -0.54478 0.38486
0.14689 0.47537 0.23889
0.01163 0.05589 0.23110
-0.19689 0.10204 -0.09146
-0.04509 0.04122 -0.77354
-0.33901 -0.68501 -0.32083
-0.13672 -0.54624 -0.45001
-0.05481 -0.32677 0.18874
0.24996 -0.15143 0.26589
0.36289 -0.25585 0.34633
0.05869 0.25791 -0.76653
-0.06829 0.20293 0.11248
-0.18182 -0.36955 -0.04119
0.02203 0.41373 0.11041
-0.17534 -0.55927 0.05282
0.12322 -0.37612 0.33287
0.04720 0.22821 -0.73294
0.11002 -0.78946 0.44392
0.07389 0.61620 0.27852
-0.09044 0.61554 0.05650
0.05844 0.45564 0.17705
-0.01030 0.01704 0.02255
-0.07838 -0.43865 -0.02188
0.34610 -0.31961 0.41642
0.26170 -0.55220 0.41033
-0.10925 0.33182 -0.43397
-0.08561 -0.53074 0.09076
-0.17444 -0.21523 -0.58561
0.39270 0.11759 0.42449
0.21766 -0.05068 0.23269
0.19570 0.04059 0.22075
-0.10025 -0.39333 -0.46104
0.25123 -0.67610 0.43129
-0.07857 0.08509 0.09088
-0.18954 -0.18474 -0.51037
-0.18384 -0.59679 0.08967
0.40584 0.08323 0.39121
-0.12112 -0.16766 -0.39646
0.16480 -0.36991 0.36315
-0.05957 0.00400 -0.62094
-0.03665 -0.53556 0.26853
0.09111 -0.65122 0.40533
0.30157 0.32800 0.33906
-0.27367 -0.65617 -0.35519
0.16075 -0.29457 0.23747
-0.06284 -0.21826 0.15054
-0.11208 -0.43638 0.14531
0.01561 -0.63905 0.29857
0.10064 0.65076 0.33124
0.30720 0.45229 0.40904
-0.05144 -0.46153 0.09034
-0.00195 -0.34515 -0.17180
-0.01011 -0.75866 0.35225
0.29222 -0.02145 0.42390
0.37744 -0.14319 0.34902
-0.18811 -0.11767 -0.46420
-0.08517 -0.19653 -0.32354
0.11226 0.16770 0.16637
0.37376 0.34199 0.38948
-0.04079 -0.49153 0.13335
-0.20350 0.52944 -0.10940
0.02586 -0.41440 -0.38099
0.43148 0.10438 0.37199
-0.10087 -0.48214 -0.44193
-0.09991 -0.77986 0.35578
-0.15067 -0.09894 -0.01517
0.11802 0.63418 0.20846
-0.34509 -0.62305 -0.48809
-0.26482 0.37672 -0.25848
0.27621 0.51598 0.43307
0.20324 0.27380 0.41127
-0.19194 0.40359 -0.14991
-0.20724 -0.11082 -0.34103
-0.00762 -0.23027 -0.04413
0.41709 -0.25439 0.43984
-0.08100 0.02674 0.09110
0.22476 -0.32987 0.37856
0.17518 0.64239 0.34986
-0.04023 -0.04010 0.15847
-0.00578 -0.64760 0.34893
0.11291 0.36728 0.31138
-0.02413 0.15072 -0.51888
0.17798 0.36306 0.24666
-0.24533 -0.55238 -0.12581
-0.19827 0.09055 -0.43984
0.00409 0.70830 0.16243
-0.19599 -0.03836 -0.16352
0.12076 0.76967 0.34860
-0.01890 -0.24342 -0.18364
-0.03397 -0.11691 0.17384
-0.24947 -0.63649 -0.11750
-0.03117 0.21508 -0.14634
0.32408 0.04909 0.30070
0.03250 -0.55886 0.26513
-0.20045 -0.04528 -0.41026
-0.01569 0.24372 0.03675
0.36239 0.40836 0.41854
-0.32481 -0.61005 -0.33471
0.07000 -0.26764 0.15712
-0.37813 -0.68832 -0.30380
0.07084 0.26578 -0.86653
-0.04730 0.13570 -0.42985
-0.06110 -0.77959 0.33507
0.15263 0.35090 0.22324
0.10123 0.57908 0.31369
-0.13420 0.37693 -0.23962
0.21940 -0.45903 0.31211
-0.03201 0.54122 0.04535
-0.28856 0.26391 -0.23640
0.32910 -0.11583 0.36369
-0.19995 -0.24252 -0.35281
-0.09159 -0.23879 -0.36494
-0.10969 -0.15762 -0.55027
-0.22521 0.04855 -0.29489
-0.14254 -0.58809 0.07620
0.16144 0.44147 0.24984
-0.08337 0.06903 -0.30302
0.41294 0.42499 0.45525
-0.13672 0.35678 -0.12268
-0.04185 0.73311 0.07916
0.29107 -0.34452 0.31383
0.06825 0.26443 -0.93729
0.03966 0.14365 -0.83057
-0.16899 0.00082 -0.51908
-0.32219 0.39152 -0.20977
0.12481 -0.44053 0.24942
-0.00388 -0.44028 -0.29199
0.18960 0.63839 0.38831
0.46032 -0.42810 0.37579
0.05339 -0.24212 0.12119
-0.32070 0.57484 -0.22459
-0.18029 -0.09982 -0.52972
0.18910 -0.08435 0.43108
0.02272 0.81653 0.07388
-0.15703 -0.52100 0.11550
-0.06309 0.38695 0.04594
-0.03967 -0.19949 -0.21698
-0.21328 0.00453 -0.35063
-0.20384 0.50300 -0.05419
-0.21010 0.05766 -0.41040
0.09522 0.34263 0.17104
0.11270 0.58943 0.19541
0.09597 0.05045 0.37601
0.35588 0.08625 0.41387
-0.10411 -0.11969 -0.53649
0.01474 -0.01190 0.23476
0.32773 -0.35292 0.41108
-0.35904 0.51561 -0.21667
-0.06605 -0.09391 -0.19572
-0.01833 -0.77317 0.40491
0.14960 -0.20717 0.20706
-0.06431 0.10189 -0.37652
0.16066 -0.46598 0.37671
0.20367 0.57670 0.37314
-0.04095 0.64088 0.11351
-0.02509 0.40002 -0.39541
0.01851 0.25118 0.21301
0.34467 -0.16173 0.32951
-0.13065 -0.15796 -0.71209
-0.00099 0.17655 -0.56898
0.02259 -0.51630 0.22849
-0.06929 0.24190 -0.58983
0.30132 -0.28612 0.31369
0.21021 0.17124 0.44206
0.13995 0.50367 0.35999
-0.04319 -0.71770 0.30887
0.05592 0.50185 0.17278
-0.01432 0.14406 -0.00704
-0.09337 -0.45463 0.19789
-0.11317 -0.67899 0.21268
0.32891 0.01128 0.34561
-0.18534 0.01715 -0.11318
0.16758 -0.13334 0.38739
0.07570 0.19887 0.30114
-0.16030 0.46408 -0.00478
0.39033 0.23337 0.36444
-0.16419 0.36586 -0.30504
0.05959 0.70336 0.08346
-0.18500 -0.24179 -0.08444
-0.08446 0.48868 0.02599
-0.31048 0.34701 -0.24661
-0.05621 0.23277 0.13056
-0.02565 0.23089 -0.68848
0.39295 0.09040 0.33882
-0.15746 0.28012 -0.42469
-0.13333 -0.27075 -0.49650
-0.20602 -0.25652 -0.31624
0.13553 0.74948 0.24772
-0.06926 -0.48416 -0.16042
-0.13625 0.77269 -0.13756
0.21691 -0.58929 0.41736
0.21127 -0.00042 0.23126
0.05860 -0.00489 0.30747
-0.16519 -0.27028 -0.01884
0.28696 -0.06200 0.41516
0.09479 0.33518 0.28810
0.00907 0.11244 0.22818
0.12304 -0.08233 0.17359
-0.10772 -0.07974 -0.33958
0.25220 0.52308 0.48161
-0.04995 0.22704 -0.63747
-0.14772 -0.62711 0.22964
-0.13519 -0.37796 0.09029
-0.21518 -0.35256 -0.17426
0.02100 0.59476 0.16467
-0.07873 0.08082 -0.21832
0.44674 0.27544 0.40826
0.06673 0.80823 0.12754
0.09821 0.03465 0.15518
0.13319 0.12752 0.41329
-0.12501 0.76412 -0.04013
-0.27314 -0.53498 -0.31862
0.05087 0.16713 0.28042
0.14948 0.42213 0.35777
0.24102 -0.57500 0.36245
-0.13342 -0.32876 0.07539
0.37669 -0.17577 0.41776
0.21074 -0.27349 0.37358
-0.12489 -0.04532 0.02316
0.13207 0.39640 0.33572
0.02007 0.76727 0.03861
-0.14485 0.45318 -0.03551
-0.07284 0.70624 0.05418
0.06713 -0.41537 0.29639
-0.04506 0.08645 -0.76068
-0.32017 0.67684 -0.18167
0.30767 -0.40796 0.33214
-0.20814 -0.42838 -0.31778
0.10142 0.49672 0.16904
-0.03191 -0.44020 -0.20806
0.30359 0.11537 0.29355
-0.23007 0.05500 -0.23842
0.12889 -0.38704 0.23855
-0.25149 0.11779 -0.26801
0.13223 -0.57900 0.33228
-0.01145 0.57583 0.13390
-0.30890 0.51735 -0.20698
-0.08823 0.04599 -0.24172
0.40899 -0.47923 0.35709
-0.10654 -0.56360 0.23557
0.02206 0.25073 -0.55089
-0.20462 0.38505 -0.22470
-0.13289 -0.54407 -0.12002
-0.02569 0.04828 -0.72293
0.01879 0.47865 0.10113
-0.01245 -0.35231 0.07587
-0.21754 -0.15446 -0.27578
-0.05421 0.08740 -0.49578
-0.23318 -0.60063 -0.45612
0.33106 0.12687 0.44877
0.48654 0.39446 0.49404
-0.29581 -0.67649 -0.23247
-0.18282 0.42119 -0.03224
0.06090 -0.30262 0.16060
-0.03154 0.33516 -0.54091
0.03228 0.32671 -0.56583
-0.03581 -0.40368 -0.43285
-0.06300 0.02823 -0.54512
-0.06306 -0.45364 -0.12989
0.04140 -0.11824 0.26226
0.24416 -0.06546 0.24957
-0.23704 -0.72233 0.20408
0.05969 -0.13642 0.11459
0.45443 0.19537 0.39194
-0.05727 -0.39515 0.20695
-0.02419 0.09763 -0.01987
-0.18609 -0.60863 -0.20622
-0.16416 -0.05383 -0.06354
-0.26099 0.17434 -0.28081
-0.06138 0.13588 -0.26094
0.14350 -0.69941 0.45132
-0.02045 -0.29250 -0.08209
0.01966 0.05843 0.07752
-0.07561 0.07859 -0.39953
0.16991 0.69231 0.37800
-0.02796 -0.19264 -0.13505
-0.07234 -0.16718 -0.26916
-0.31625 -0.64138 -0.49458
0.05822 0.12713 0.30713
-0.22284 -0.39003 -0.19469
0.12089 -0.02523 0.39887
-0.03902 0.77126 0.06165
0.11469 0.05754 0.42074
0.06152 -0.39429 0.19818
0.14107 0.81105 0.28964
-0.17170 0.55610 -0.02285
-0.22303 -0.07234 -0.24236
0.04938 -0.78597 0.40303
0.01982 -0.24162 0.05197
-0.09664 -0.26667 -0.40868
-0.19624 0.45798 -0.11180
-0.34129 0.64647 -0.19658
-0.22156 -0.64070 0.10974
0.33960 0.38833 0.38993
0.01322 -0.73140 0.40477
-0.32244 -0.60958 -0.26205
0.28378 -0.01507 0.27469
-0.11785 -0.55507 -0.38082
0.03343 0.38198 0.11941
-0.06471 -0.14922 0.13723
-0.35845 -0.65691 -0.47467
-0.12990 0.07561 -0.58959
0.08625 0.64437 0.14520
0.10790 0.12743 0.16045
0.14718 0.21936 0.20133
0.13724 0.75480 0.37866
0.23547 -0.30992 0.27081
0.47598 -0.35893 0.40709
-0.08022 -0.07752 -0.22296
0.02116 0.29348 -0.39454
-0.20013 -0.28994 -0.13176
-0.08739 0.39068 -0.37346
-0.02425 0.35624 -0.47065
-0.09642 -0.03657 0.06986
0.34698 0.10101 0.31632
-0.10277 -0.06940 -0.48972
-0.21882 -0.05835 -0.28455
-0.08368 0.58439 -0.01109
0.09432 0.22492 0.15825
0.10619 -0.20569 0.31819
-0.16316 -0.55925 0.02084
0.14216 -0.62003 0.41418
0.35775 0.02414 0.35869
-0.10657 0.20541 0.05929
-0.19764 -0.11047 -0.15297
0.11952 0.00843 0.42936
-0.22262 0.00270 -0.28092
-0.04322 -0.08726 0.15752
-0.20437 0.33765 -0.06858
-0.20175 -0.23215 -0.14662
-0.34724 -0.64010 -0.44701
0.11114 -0.74255 0.46255
0.04355 0.30784 -0.74391
-0.07963 -0.49983 0.06863
0.08326 -0.01541 0.13952
0.42344 0.40581 0.49952
-0.12909 -0.56585 -0.25244
-0.17382 0.17971 -0.46503
0.22538 0.64767 0.45592
-0.23277 -0.48410 -0.33737
-0.32375 -0.67108 -0.41253
-0.21427 -0.45686 -0.13763
-0.19830 -0.13451 -0.39006
-0.10371 -0.79856 0.32189
-0.22486 -0.58324 -0.07313
-0.02643 0.23405 0.16109
-0.23879 0.52555 -0.14522
0.11787 0.80894 0.17925
0.06495 -0.54299 0.34535
-0.15254 -0.05099 -0.02889
-0.06857 -0.49537 -0.19617
-0.30123 0.31452 -0.23132
-0.16148 -0.34617 0.01417
-0.07399 -0.09452 -0.66380
0.26400 -0.62621 0.41329
-0.24252 0.19545 -0.34528
0.40743 -0.46425 0.41770
-0.07717 0.07264 -0.36455
0.18514 0.47798 0.40963
-0.10629 -0.05175 -0.69949
0.03007 0.32465 -0.68401
-0.03067 0.29971 -0.59948
-0.21262 -0.03456 -0.33170
-0.23573 0.11699 -0.31336
0.10784 -0.02482 0.16093
0.01222 -0.77885 0.42343
0.07389 0.51724 0.21405
0.00309 -0.14358 0.22241
-0.16204 -0.64137 0.12385
0.10220 0.54649 0.30543
-0.03575 -0.28681 0.19969
0.21797 -0.09103 0.41518
0.21757 -0.74399 0.44931
-0.20680 0.20211 -0.39443
-0.03821 0.29852 -0.24745
0.12980 0.43035 0.33027
-0.11872 -0.65269 0.18188
-0.06378 -0.50837 -0.32456
-0.16457 0.29117 -0.01585
0.11600 -0.10504 0.35608
-0.02942 -0.26322 -0.27932
-0.26053 0.44729 -0.11909
-0.14828 -0.31346 0.03694
0.26933 0.19752 0.45861
-0.00292 0.13139 -0.66581
-0.34029 -0.63004 -0.30606
0.29032 0.03406 0.38380
0.03586 0.24301 -0.89194
-0.13575 -0.56469 -0.18074
0.23538 0.61192 0.49525
-0.09470 0.08194 -0.65620
-0.30376 -0.63001 -0.16534
0.26665 -0.12819 0.38422
-0.04512 0.06519 -0.62069
-0.28385 0.36236 -0.28400
-0.13797 -0.22937 0.03077
-0.16634 -0.27870 -0.53152
-0.00183 0.53838 0.12821
0.34704 0.21369 0.33943
0.14833 0.69667 0.28844
-0.19319 -0.09558 -0.43860
-0.03643 0.15939 -0.10903
-0.02986 0.41760 0.11944
0.12983 0.41401 0.20751
-0.03774 -0.06671 -0.07631
0.03524 0.64571 0.21254
-0.14466 0.52104 -0.03348
-0.17126 0.49657 -0.06678
0.15306 -0.65935 0.37775
-0.01883 -0.69682 0.36690
-0.07247 0.35893 -0.25192
-0.14108 0.19609 -0.50436
-0.03768 0.19046 -0.29512
-0.35892 -0.67313 -0.41275
-0.15606 0.06969 -0.02043
-0.35035 0.72740 -0.24176
-0.23726 0.20162 -0.15760
-0.21814 0.12560 -0.39193
-0.16444 -0.30447 -0.46833
0.04050 -0.78311 0.44505
-0.26716 0.23158 -0.30012
0.34280 0.13536 0.31795
0.01948 -0.32900 0.12689
-0.30095 0.45090 -0.22089
-0.30335 0.72317 -0.20313
0.20209 -0.17813 0.23976
-0.10888 0.48714 0.00338
0.14886 -0.05693 0.42902
0.05860 0.21035 -0.81059
0.44312 0.15098 0.42038
-0.07240 0.72012 -0.06147
0.04517 0.60975 0.21310
-0.00217 -0.10791 -0.00828
-0.11909 -0.18160 -0.65723
-0.07194 -0.02591 -0.56599
-0.12140 -0.16655 0.05346
0.04153 0.30968 -0.45971
-0.08119 -0.52347 -0.27273
-0.07362 0.03380 -0.48583
-0.08324 0.40031 0.08318
0.31409 0.31727 0.46635
0.05237 -0.35060 -0.26867
0.09161 0.26433 0.30643
0.01558 0.24963 -0.47456
0.22672 0.07231 0.46915
-0.27859 0.26940 -0.29192
-0.19278 -0.45721 -0.38283
-0.12859 -0.08326 0.02489
-0.08785 0.79504 -0.09433
-0.20904 -0.40667 -0.13743
-0.06966 -0.09120 0.12240
-0.00504 -0.61053 0.33002
-0.04447 0.25372 -0.03811
-0.05677 0.09919 -0.11575
-0.19443 -0.25129 -0.11887
-0.12893 -0.02199 -0.64050
-0.06353 -0.34044 -0.44813
-0.01055 0.66963 0.02205
-0.02983 -0.54448 0.18476
-0.14943 0.43324 0.00909
0.05990 -0.14358 0.28081
-0.18693 -0.50118 -0.00452
0.00889 -0.61446 0.27650
-0.08944 0.01173 -0.39200
0.18782 0.37949 0.39682
-0.21415 -0.08616 -0.21030
0.05473 0.30003 0.13768
-0.33764 0.45377 -0.23120
-0.04107 0.67334 0.10437
0.21563 -0.17080 0.38750
-0.28769 -0.57533 -0.19508
