0.14770 -0.19247 -0.69893
-0.20129 0.30055 0.88861
-0.08407 0.86420 -0.45118
0.25361 -0.54803 0.26728
-0.16640 0.16175 0.03597
-0.35961 0.76208 0.32678
0.15226 -0.74783 -0.35725
0.10871 -0.25917 0.81496
-0.06111 0.29954 -0.51242
0.07543 -0.25890 -0.17046
-0.11796 -0.22662 0.34107
-0.00248 0.61680 -0.03298
-0.19507 0.34529 0.44571
-0.01072 0.06504 0.64628
0.39326 -0.65456 -0.06880
-0.04200 -0.44929 -0.48544
-0.05698 -0.05048 -0.43118
0.10600 0.34476 0.16214
0.27293 -0.00199 -0.96128
-0.26327 0.49280 0.14715
0.17849 -0.28596 0.48934
-0.16363 0.40166 -0.21805
0.14481 -0.27871 0.14051
-0.05375 0.08322 0.31648
0.23528 0.03700 -0.50832
-0.01432 0.14347 -0.21538
-0.08214 -0.12138 0.04514
0.12213 -0.54620 -0.14554
-0.03914 0.58093 -0.40708
0.17771 -0.00189 0.81449
-0.34674 0.56115 0.48939
0.02762 -0.44758 0.31250
0.03237 -0.41218 -0.71816
-0.03591 0.76005 -0.23419
-0.18774 0.22373 0.65069
-0.08624 -0.08636 -0.19376
0.07649 -0.24746 -0.44614
-0.01712 0.32897 -0.04089
0.13334 -0.06061 -0.29165
0.04853 -0.07672 0.45296
0.15590 0.03685 -0.73284
-0.04679 0.13070 0.87125
-0.10302 0.29666 0.24201
0.24366 -0.50542 0.04250
-0.01494 -0.67388 -0.50979
0.33174 -0.63821 -0.27994
0.05089 -0.08580 0.21515
0.05732 0.12919 -0.42439
0.02380 0.14855 0.13108
-0.28088 0.41683 0.62751
0.00357 -0.43819 -0.28064
-0.06179 -0.30576 0.15504
0.11557 -0.12637 0.64308
0.07463 -0.39815 -0.01134
0.14785 -0.39585 0.66938
-0.18665 0.54272 -0.07155
-0.23987 0.59990 0.31777
0.00305 0.03433 -0.04814
-0.05800 0.49328 0.11330
0.01572 -0.06561 -0.62084
-0.14027 0.05723 0.49731
-0.20669 0.35203 -0.00001
0.32031 -0.66552 0.12386
-0.03321 0.54252 -0.20777
0.17373 -0.14559 -0.88453
-0.03510 0.30761 -0.32065
0.22095 -0.33204 0.31070
-0.13663 0.02154 0.16186
0.04129 0.12391 -0.60548
-0.20073 0.18376 0.35097
0.07469 -0.56369 -0.38964
-0.15869 0.23617 -0.12987
0.07807 -0.17738 -0.00572
-0.25982 0.37064 0.27779
-0.05132 -0.20105 -0.32266
-0.13427 0.43418 -0.39217
-0.06092 0.47139 -0.54731
-0.01233 -0.27667 -0.61712
0.00889 -0.25734 0.46087
0.12533 -0.19007 0.32565
-0.10364 -0.06516 0.38171
0.15230 -0.10021 -0.46092
0.12132 -0.44314 0.14489
0.07487 -0.27978 -0.81842
0.23301 -0.64831 -0.08791
0.06767 -0.08731 -0.14529
-0.08587 0.10300 -0.35525
-0.05642 -0.20825 -0.08485
-0.06229 0.71162 -0.49095
-0.18625 0.35224 0.74195
-0.10401 -0.12267 0.21065
-0.11510 0.22164 0.51381
-0.19165 0.18492 0.18727
0.08342 -0.27103 0.60762
-0.12396 0.08399 -0.12928
0.18631 -0.59730 -0.27366
0.02861 0.01136 0.79317
0.19104 -0.06702 -0.60644
0.03026 -0.51166 -0.60070
-0.17935 0.59989 0.08482
-0.02684 0.18310 -0.07076
-0.24146 0.47997 0.40395
-0.11405 0.22412 0.77884
0.06465 -0.30229 -0.31040
-0.01255 0.47477 -0.06501
-0.14101 0.45257 0.22550
0.02768 -0.03359 0.08110
0.25149 -0.04907 -0.81247
-0.09034 0.65849 -0.14618
-0.22061 0.32035 0.13840
-0.04147 -0.31989 -0.41213
0.11247 -0.39466 -0.14834
0.06257 -0.36721 -0.53455
-0.02153 -0.15666 -0.52054
-0.00084 -0.07105 0.58831
0.08522 -0.11624 0.78506
-0.10206 0.63664 -0.28361
-0.27330 0.64069 0.18923
0.05704 0.05419 -0.30649
-0.15906 0.33924 0.58054
0.06316 -0.40889 -0.40224
-0.12483 0.22154 -0.26324
-0.36153 0.63046 0.37232
-0.12408 0.01728 -0.00196
-0.00224 -0.28508 0.03426
-0.04573 0.33205 -0.18717
0.11324 -0.19275 -0.56752
0.02840 -0.69528 -0.38350
0.10585 -0.32773 0.37989
0.05748 0.43113 0.07143
0.09010 -0.07934 -0.74182
-0.09159 0.74505 -0.36107
-0.01774 0.03863 0.44785
-0.02550 0.05103 -0.51051
0.11685 -0.17224 0.51623
-0.30921 0.49759 0.27117
0.17578 -0.40713 0.53781
-0.04356 0.43963 -0.29855
0.13794 0.02845 -0.40763
0.03613 0.27977 0.06648
0.23369 -0.42264 0.21916
-0.03750 -0.29293 -0.22142
0.01131 0.03714 0.19319
-0.10237 0.02614 -0.25296
0.01538 -0.03241 0.33744
-0.13213 0.11578 0.61266
0.09212 -0.00326 0.68434
-0.01255 -0.42983 0.19378
0.18069 -0.46050 -0.06447
-0.30530 0.42149 0.49599
-0.14406 0.51217 -0.27447
0.21999 0.06808 -0.62874
-0.04542 0.17309 -0.49191
0.08985 -0.17706 -0.28698
0.06546 -0.56743 -0.26608
0.00469 0.25122 0.19709
0.41864 -0.64027 -0.18874
0.22173 -0.56266 0.14904
0.12241 -0.38284 0.25155
-0.07002 -0.16405 0.44515
-0.08882 0.15163 0.41785
0.07289 -0.76403 -0.47341
0.09339 -0.32128 -0.66630
0.26976 -0.58361 -0.18270
0.01687 0.03411 -0.16772
0.07177 -0.14435 0.10979
-0.01025 -0.36344 0.38933
-0.21499 0.47048 0.01992
0.03206 -0.22325 -0.71431
0.09960 -0.29103 -0.05781
-0.03703 -0.39459 -0.62299
-0.09041 0.23794 -0.40301
-0.17295 0.56647 0.21376
-0.09758 -0.07606 -0.06998
-0.01609 0.39789 0.16829
-0.19156 0.42261 -0.10556
0.25451 -0.62107 0.02587
-0.07559 -0.08656 -0.31738
-0.06807 -0.05716 0.49338
-0.09224 0.11859 0.72219
-0.03467 0.37955 -0.41788
-0.16323 0.08924 0.27741
0.01864 0.23570 -0.56707
0.25907 -0.70537 -0.34604
-0.21756 0.23262 0.45526
0.16401 -0.37401 0.05620
-0.02417 -0.56023 -0.46569
0.03377 -0.38542 0.09394
-0.11970 0.22173 0.89463
-0.15829 0.30284 0.34719
-0.06627 0.17478 0.24134
0.20800 -0.09097 -0.71680
-0.00842 0.18275 -0.33488
0.23820 -0.68697 -0.22885
0.12455 0.07843 -0.54457
0.14058 -0.27840 0.70383
-0.01668 -0.48491 -0.38043
-0.12682 -0.02318 0.28086
0.22235 -0.37592 0.44112
0.06698 0.02963 -0.65741
0.08056 0.06413 0.87467
-0.04439 0.08627 0.54346
0.27442 -0.55076 -0.05955
0.32205 -0.67974 -0.14826
-0.22474 0.26923 0.25557
-0.06403 0.59326 -0.51302
0.00746 0.07096 0.05607
0.02476 0.54762 0.04672
-0.20383 0.49844 0.30343
0.08839 -0.17328 -0.79614
-0.14247 0.04721 0.37492
0.10190 -0.18236 0.20644
-0.06235 -0.21219 0.09978
-0.04430 -0.30927 -0.51932
-0.11858 0.59334 -0.00376
0.03442 -0.06671 -0.03110
0.11076 -0.47580 -0.23408
-0.33621 0.66463 0.27208
0.12384 -0.47514 0.04344
0.07472 -0.19592 0.71488
0.01115 -0.16813 0.51979
-0.03921 0.43655 -0.17361
-0.04337 0.48189 -0.44294
-0.10221 -0.26670 0.24388
0.14338 -0.64321 -0.36002
-0.18025 0.24695 -0.02352
-0.24469 0.30537 0.52875
-0.04402 -0.21446 -0.42618
0.25650 0.04273 -0.76034
-0.06291 -0.18734 -0.20556
-0.00279 -0.29870 -0.11485
-0.23266 0.32702 0.65276
-0.16935 0.50242 -0.16761
-0.12884 0.35136 -0.32187
0.35753 -0.64944 0.02782
-0.28194 0.57526 0.40836
0.17311 -0.56572 -0.05192
-0.03057 -0.34496 -0.30835
0.21953 -0.44774 0.12181
-0.27849 0.37913 0.40029
0.23236 0.02967 -0.87470
0.02284 -0.38855 -0.19359
0.00994 -0.16578 -0.62412
0.14124 -0.21240 0.42767
-0.00056 0.16827 0.02457
0.04809 -0.49215 -0.48528
0.29632 -0.61765 0.20785
0.11244 -0.25265 0.05015
-0.12240 0.54840 -0.36426
0.10607 -0.15920 -0.39624
0.15403 -0.25372 0.25096
-0.00705 0.11253 0.77164
0.21521 -0.02704 -0.43189
-0.11128 -0.07054 0.12796
-0.12029 0.11979 -0.22026
0.17678 -0.63287 -0.17565
0.07158 -0.11666 0.36692
-0.17861 0.13956 0.45354
0.17435 -0.32547 0.59056
-0.12331 0.29572 0.65986
-0.12259 0.57951 -0.20421
-0.04014 0.55551 -0.31369
-0.19389 0.39900 0.34244
-0.09311 0.39870 -0.49260
-0.10696 -0.12637 0.30687
0.20461 -0.05674 -0.90628
-0.33043 0.47729 0.57164
-0.00304 0.24928 -0.44115
-0.15198 0.08126 0.08610
0.06077 -0.40967 -0.62044
0.07494 -0.02424 -0.22509
-0.02535 0.65852 -0.21634
0.15118 -0.23009 -0.84658
0.19591 -0.28046 0.38943
0.04732 -0.08640 0.69617
0.07727 -0.17224 -0.10368
-0.09820 0.19421 0.66085
0.13459 -0.07699 0.85586
0.04825 -0.62584 -0.45796
-0.03656 0.21949 -0.15775
-0.15347 0.30880 -0.20208
0.15686 -0.69052 -0.27627
-0.03175 0.23267 -0.25453
-0.10625 0.18371 0.33116
-0.23745 0.40435 0.09960
0.06683 0.16816 -0.52318
-0.06350 0.04288 -0.42360
-0.09025 0.66684 -0.41376
0.08096 -0.47120 -0.32247
-0.19212 0.23614 0.08605
0.24513 -0.01367 -0.68020
0.19076 -0.36492 0.15333
0.02632 -0.32359 -0.74609
0.11390 0.04789 0.76903
-0.18246 0.17723 0.55955
0.12148 -0.16875 0.85369
0.08090 -0.09245 0.55089
0.11371 -0.34564 0.76101
-0.03625 0.67628 -0.33493
-0.14083 0.10270 -0.04075
0.08457 -0.28085 -0.55563
-0.00102 0.00612 0.53602
-0.28899 0.68124 0.35024
0.13723 -0.09370 -0.81893
-0.23956 0.33611 0.81494
-0.13592 0.24445 0.41201
0.08746 -0.28942 0.49100
-0.33985 0.57546 0.30457
-0.32279 0.49639 0.36947
-0.22726 0.39320 0.53136
-0.01743 0.60426 -0.14490
0.07615 -0.38295 -0.27335
-0.01420 -0.06794 -0.52840
0.09783 -0.47250 -0.09566
-0.11243 0.53434 -0.46437
0.29322 -0.57707 0.09756
-0.17565 0.32242 -0.11492
-0.05166 -0.20306 0.00403
0.14773 -0.06454 0.74919
0.05580 -0.18813 0.62245
-0.10376 -0.01908 -0.13709
0.22254 -0.53022 -0.13069
-0.01065 0.10038 -0.11657
0.01504 -0.59560 -0.53535
0.09970 -0.10800 -0.22391
-0.08304 0.01167 -0.34444
0.05462 -0.63762 -0.32345
0.18871 -0.16613 -0.80074
0.01081 0.02105 -0.58336
-0.05632 0.78252 -0.44135
-0.23248 0.27048 0.37832
0.00960 -0.00001 0.70939
0.10973 -0.70222 -0.42593
0.20110 -0.04008 -0.52514
0.12735 -0.26721 -0.73604
-0.05446 -0.29439 0.41652
-0.05030 0.38458 -0.56523
-0.03408 -0.52127 -0.54533
-0.03607 -0.40148 -0.38750
-0.24714 0.38006 0.19393
-0.28340 0.50190 0.47834
-0.16276 0.10083 0.17860
-0.13086 0.51954 0.14858
-0.24292 0.67019 0.26269
0.07192 0.25757 0.14586
-0.01115 0.01437 0.27218
-0.03246 0.09747 0.23580
0.34743 -0.60141 -0.12973
-0.26056 0.58325 0.12883
0.06242 -0.32734 -0.42324
-0.30117 0.56137 0.21683
0.19306 -0.33012 0.23131
-0.09982 0.32645 -0.41724
-0.21210 0.56327 0.01676
0.14937 -0.11838 -0.55354
-0.18401 0.25982 0.74955
0.25752 -0.50350 0.19681
-0.12607 0.61526 -0.08355
0.16289 -0.01293 -0.79882
0.13922 0.06915 -0.64842
-0.08382 0.16043 0.55990
0.00258 0.40456 -0.01389
0.00507 -0.60934 -0.38952
-0.29558 0.73652 0.27089
-0.17485 0.24363 0.83090
-0.15391 0.36747 0.27769
0.05275 -0.35871 -0.10487
0.15133 -0.25235 0.56103
-0.03684 0.29658 -0.11342
-0.02957 0.40118 -0.10051
0.14922 -0.09587 -0.36772
0.07133 -0.24136 -0.36398
0.13515 -0.38897 -0.06495
-0.14856 0.42807 -0.29350
-0.15624 0.17748 -0.06863
-0.04809 -0.13583 -0.44468
0.17115 -0.50916 0.10118
0.12719 -0.20875 0.65471
0.16951 -0.54318 -0.21097
-0.05691 0.55413 0.03077
-0.16298 0.30031 0.50450
0.31782 -0.67481 -0.03753
-0.07459 0.15640 -0.41445
0.07469 -0.18064 -0.18936
0.06509 -0.03055 0.61043
-0.02749 0.70833 -0.14537
0.02638 -0.01729 -0.10478
0.01162 0.12078 -0.28763
0.10193 -0.18148 -0.48354
-0.08310 -0.22157 0.17644
0.07885 -0.13384 0.28922
-0.27824 0.45098 0.21360
-0.04511 0.66720 -0.07785
-0.09634 0.02773 0.55896
0.19259 -0.44144 0.02106
-0.18817 0.16404 0.26579
-0.03697 0.32202 0.20574
0.12148 -0.62123 -0.23441
0.07742 -0.32869 -0.21546
0.06375 0.35334 0.08542
0.25420 -0.64224 -0.29543
-0.05455 0.79391 -0.30327
0.09954 -0.33464 0.65099
0.05378 -0.13849 -0.70482
-0.08916 0.70264 -0.24104
0.15922 0.03067 -0.48323
-0.02641 0.50570 -0.13866
0.01569 -0.54328 -0.33933
-0.09976 0.15637 0.81555
0.04906 -0.10457 0.03586
-0.09839 0.18312 -0.34489
-0.21576 0.26091 0.58801
0.00833 -0.27296 -0.04209
0.10644 -0.25220 -0.62477
-0.13931 0.15685 -0.15440
-0.11395 0.26947 0.57520
-0.02184 -0.22726 -0.55279
0.12949 -0.32476 0.00725
-0.12349 -0.00608 0.07192
-0.08155 -0.13099 -0.12221
-0.04001 0.49058 -0.36626
0.12896 -0.14229 0.72673
-0.02240 0.02891 0.36519
-0.29244 0.43621 0.33211
-0.10187 0.38802 0.21049
0.23484 -0.00062 -0.59740
0.05170 -0.42703 0.23588
0.06739 -0.46634 -0.17142
-0.00236 -0.34775 -0.67921
0.15195 -0.14679 -0.63771
0.05813 -0.23629 0.53757
0.12033 -0.58006 -0.31780
0.05947 -0.38285 0.33759
-0.12446 -0.03962 0.20593
-0.11029 -0.18791 0.24970
0.18218 -0.02497 -0.36329
-0.12265 0.00627 0.44369
0.10768 -0.21316 0.13059
-0.06039 0.12327 0.63648
0.03641 0.34341 0.19223
-0.00053 0.25568 0.00476
0.20061 -0.56583 0.02732
0.34218 -0.60782 -0.21140
0.00249 -0.72678 -0.44715
0.12735 -0.19286 0.78256
-0.17174 0.11640 0.37914
-0.07450 0.13345 0.48936
0.03144 -0.02935 0.16475
0.06813 0.41351 0.14356
-0.04014 -0.44797 -0.57058
0.23680 -0.10625 -0.85850
0.02333 0.48864 0.10503
0.00389 0.07602 0.86499
-0.01140 0.10918 -0.01969
0.07960 -0.04318 0.81861
0.13710 -0.34681 0.50014
-0.17503 0.15237 0.12253
-0.25643 0.33577 0.34328
-0.02535 -0.37574 0.14477
-0.27007 0.34570 0.47202
0.31528 -0.68387 -0.22186
-0.35470 0.70383 0.37877
0.18666 -0.47290 0.18311
-0.04278 -0.37492 -0.46153
0.09849 -0.33524 -0.75697
-0.04287 0.35219 -0.26229
-0.01357 0.14729 -0.55326
0.02809 0.06183 -0.23511
-0.09022 0.81550 -0.38240
0.10141 -0.70347 -0.32288
-0.00258 -0.46902 -0.65084
-0.11346 0.55551 0.08683
0.17842 -0.26112 0.31994
-0.01488 -0.01504 0.63345
-0.20253 0.62108 0.15272
-0.11585 0.46795 -0.49901
0.03414 -0.31231 0.41698
-0.12346 0.24579 0.29037
-0.23338 0.51884 0.07150
-0.00028 0.54597 -0.05074
0.01498 -0.00213 0.01640
0.10010 -0.01270 -0.71363
0.03492 0.21117 0.09121
0.10809 0.00383 -0.31978
0.39717 -0.68963 -0.13259
-0.07670 -0.13641 -0.02598
-0.09432 0.45997 0.16927
0.32786 -0.59872 -0.04713
-0.03675 -0.26160 -0.36044
-0.11138 0.26182 -0.33755
0.10228 -0.15306 0.44358
0.24860 -0.47440 0.26775
-0.21635 0.38786 0.61150
-0.13250 0.29501 -0.27640
-0.01566 -0.32532 0.09383
-0.04331 -0.37827 -0.55161
0.06524 -0.48349 -0.39186
0.01538 0.48296 0.00094
0.04235 -0.49413 -0.24597
0.14294 -0.50381 -0.02163
0.12505 -0.37722 0.58539
0.12033 -0.17661 0.59104
-0.10516 0.13883 -0.28903
-0.11343 -0.16886 0.38315
0.03405 -0.11888 0.63376
0.01193 -0.02456 0.42048
0.13912 -0.34348 0.31858
0.10737 0.09003 -0.47613
-0.13884 0.17204 0.71542
0.13844 -0.46969 -0.16859
-0.15593 0.11208 0.53967
0.01547 0.18219 -0.40176
-0.08829 -0.23195 0.41646
0.01367 0.07274 0.71662
-0.04004 -0.26262 -0.28926
-0.03100 0.36496 -0.48915
-0.10386 0.61632 -0.35714
0.05449 -0.06058 -0.67981
-0.07717 -0.35795 0.20024
-0.20753 0.41301 -0.03573
-0.03190 0.59715 -0.25226
-0.11687 0.02661 -0.08508
-0.08891 -0.04579 -0.25126
-0.01345 0.17431 0.19477
0.05748 -0.41398 -0.47220
-0.35106 0.57873 0.42166
-0.07360 -0.12446 -0.25117
0.22953 -0.49762 -0.02564
-0.05334 0.08591 0.39137
-0.14558 0.03703 0.23442
-0.04940 0.10923 -0.46389
0.23546 0.07097 -0.70005
0.19725 0.06093 -0.56168
-0.01740 -0.10490 0.52644
-0.19880 0.29024 0.03119
-0.02423 0.28904 -0.38823
-0.02395 0.32053 -0.57097
-0.04567 0.52713 -0.49561
-0.22608 0.41739 0.42982
-0.07447 0.05622 0.61835
0.06673 -0.36235 -0.34510
0.05856 0.08904 -0.36797
-0.08282 -0.15841 0.14803
-0.27137 0.36271 0.57781
-0.17009 0.36121 0.65541
0.21713 -0.10444 -0.78392
-0.20380 0.24848 0.15282
0.20924 -0.35436 0.50894
-0.04424 0.62935 -0.45563
0.16774 -0.32492 0.43379
-0.20551 0.62818 0.22328
0.29679 -0.69822 -0.28926
-0.10056 -0.06199 0.01646
-0.06487 -0.11398 -0.38209
-0.31012 0.44839 0.43331
-0.06291 0.23832 -0.47220
0.15186 -0.27730 0.63337
0.08267 -0.25675 0.67519
0.04682 0.07854 0.79528
-0.04029 0.37721 -0.32538
0.03700 -0.06919 0.28462
0.08205 -0.23997 -0.10573
0.28999 -0.56503 0.01199
-0.05027 -0.23907 -0.14478
0.26473 -0.02625 -0.89480
0.09258 -0.26596 0.74964
0.19430 -0.69823 -0.37535
0.05667 -0.42329 0.14479
-0.21666 0.24410 0.52164
-0.16907 0.30528 0.80437
0.20716 0.03905 -0.80581
-0.05533 0.06870 0.69642
0.03095 0.19276 -0.47197
-0.24487 0.53417 0.36440
0.15363 -0.21914 -0.77921
0.01684 0.08185 0.13293
0.16329 -0.74473 -0.42321
0.26405 -0.62480 0.13414
0.21667 -0.71509 -0.29291
0.04058 -0.04782 0.52195
0.04927 -0.33206 -0.04294
-0.04194 0.47494 -0.24227
-0.14574 0.57479 -0.13243
0.08957 -0.32440 -0.14821
0.20710 -0.38424 0.27216
-0.24462 0.29174 0.44227
-0.07192 0.24114 0.22370
0.08910 -0.19307 0.06844
0.09759 -0.40237 0.19243
-0.12505 0.24290 0.69961
-0.02473 0.24874 -0.06324
-0.17084 0.50762 0.24616
0.21452 -0.34337 0.38301
0.22356 -0.60522 -0.03002
0.08556 -0.53627 -0.19927
0.13030 -0.54086 -0.26366
-0.10507 -0.08272 0.44568
0.09302 -0.39303 -0.21081
-0.27631 0.44543 0.55332
-0.03147 0.71016 -0.27623
0.00991 0.25699 -0.50475
0.07773 -0.42934 0.07378
0.06642 -0.26198 -0.25903
-0.17317 0.43993 0.28086
0.14748 -0.22794 0.49071
-0.04710 0.71731 -0.42784
-0.13698 0.48532 -0.35192
0.03079 -0.34009 0.02306
-0.20461 0.56804 0.27337
0.24643 -0.60207 -0.24053
0.13139 0.04609 0.83854
0.00242 -0.33059 -0.17301
0.04583 -0.55671 -0.48020
-0.16065 0.46894 -0.22239
0.07450 -0.34139 -0.59273
-0.21449 0.28356 0.69717
-0.33112 0.50986 0.43221
0.08205 -0.37357 -0.70367
-0.10926 0.02943 -0.17933
-0.11874 0.57457 -0.27755
-0.06661 0.61252 -0.03764
-0.18734 0.30692 -0.05357
0.02119 -0.03189 0.23463
-0.21955 0.34772 0.07524
-0.00040 -0.11845 -0.58209
0.37558 -0.65902 -0.23815
0.28415 -0.56718 0.17039
0.07376 -0.13486 0.17307
-0.17236 0.36963 -0.16334
0.16780 -0.41525 0.22026
-0.01124 -0.66131 -0.44721
-0.17820 0.43928 -0.16623
0.12284 -0.07752 0.69193
-0.22431 0.40955 0.03746
0.14562 -0.13124 0.79876
-0.02429 0.15331 -0.14916
-0.15186 0.07444 0.43721
0.28477 -0.57059 -0.12233
0.24441 -0.04275 -0.74970
-0.14341 0.24614 -0.20323
0.04685 -0.03454 0.74742
-0.30629 0.63385 0.40870
0.08593 -0.75822 -0.40830
-0.03467 -0.02349 -0.48388
-0.19349 0.18374 0.49624
-0.03483 -0.33210 -0.59675
0.26314 -0.67524 -0.17057
0.08482 -0.62565 -0.40659
-0.23475 0.32191 0.22267
-0.33637 0.48780 0.50912
0.18451 -0.14532 -0.73789
-0.00842 -0.35025 -0.23239
0.03573 0.20188 0.16732
0.04132 -0.26540 -0.76396
0.05207 -0.43892 -0.56589
-0.11035 -0.08460 0.26059
-0.01910 0.31326 -0.45664
0.15382 -0.39223 -0.00572
-0.01848 0.17391 -0.26989
-0.18457 0.34683 0.38234
0.10681 -0.45480 -0.03390
-0.18476 0.48904 -0.10896
-0.04374 -0.25042 -0.49957
-0.22052 0.24682 0.32229
-0.10153 0.64070 -0.20448
-0.13117 0.18023 -0.21102
-0.14651 0.30086 0.72266
-0.20216 0.19085 0.41229
0.11200 -0.14052 -0.33145
-0.02243 0.24267 -0.33891
-0.09951 0.60618 -0.41923
-0.10522 -0.00222 0.50587
0.02097 0.01590 0.11700
-0.08630 0.71729 -0.30288
-0.12902 0.23710 0.35111
-0.04278 0.27444 -0.20791
-0.04051 -0.26962 0.08810
-0.08425 0.14139 0.29288
0.08969 -0.23697 -0.50610
0.06189 -0.11862 -0.07876
0.02632 0.37016 0.04027
-0.04489 -0.00158 0.57734
-0.09531 0.16619 0.87939
0.29241 -0.65015 0.06320
0.20107 -0.65418 -0.33432
-0.20101 0.49365 -0.03423
-0.25885 0.43273 0.15294
-0.09923 0.20358 0.59934
0.05011 -0.08807 0.11376
0.05083 -0.68551 -0.46709
0.12812 -0.17439 -0.84310
0.09022 0.07434 -0.42044
-0.31686 0.61159 0.24631
0.17566 -0.59411 -0.10506
-0.04178 0.43739 -0.48360
0.25970 -0.52168 0.12639
0.23723 -0.59639 0.08664
-0.04660 0.40481 -0.23342
0.01007 0.09139 -0.18419
0.04141 0.01191 0.64553
0.15857 -0.33218 0.66110
-0.12837 0.00078 0.33577
0.00889 -0.23821 -0.65783
-0.19134 0.36584 -0.07685
0.17187 -0.48625 -0.12185
0.13993 -0.29747 0.08395
0.10420 -0.32271 0.57266
-0.35594 0.72053 0.27825
-0.03955 0.62771 -0.37016
-0.01973 -0.43699 -0.34260
-0.03523 0.23241 -0.53463
0.19178 -0.01135 -0.85075
0.03576 -0.15057 0.58096
-0.02516 -0.19584 0.46769
-0.04126 0.09483 0.81681
-0.02712 0.51295 0.06131
0.17584 -0.38369 0.61516
-0.05604 0.14546 0.77614
0.09600 0.10945 -0.58813
0.06745 0.04439 0.73268
0.08280 0.00565 0.85167
-0.21607 0.45160 0.35738
-0.00969 0.58799 0.02106
0.06294 -0.34996 -0.47762
-0.12908 0.50926 -0.40774
0.29530 -0.67145 -0.09181
0.18656 -0.09815 -0.65608
-0.24108 0.46705 0.09808
-0.02147 0.05485 0.58742
-0.03135 0.65147 -0.27643
0.17351 -0.06690 -0.85764
-0.07385 -0.04091 -0.36864
-0.10985 0.19310 0.46292
-0.08282 0.13469 0.35303
-0.06412 -0.14365 -0.32258
-0.01134 0.04607 0.76833
0.09059 -0.22576 -0.03580
-0.04175 0.50044 -0.29479
0.08295 0.30670 0.11445
0.04219 -0.01790 -0.16163
0.10541 -0.65272 -0.28059
0.16572 -0.29735 0.19146
-0.14751 0.27011 0.87478
-0.13533 0.20116 0.83129
-0.04278 0.43190 -0.35604
0.10569 -0.16175 0.37936
-0.03753 -0.26288 -0.08241
0.00640 0.04554 -0.11020
0.14928 0.00810 0.74675
0.01401 0.43663 0.13792
-0.14018 0.13031 -0.09771
0.03837 -0.06847 0.39403
-0.28191 0.43514 0.27542
0.00525 0.31289 0.00977
0.05431 -0.37245 -0.75838
0.09423 0.04394 -0.37120
0.10750 -0.34355 -0.09582
-0.25385 0.45369 0.46792
-0.09761 0.74509 -0.42739
0.05583 -0.41567 -0.14697
0.03635 -0.01391 -0.63496
0.12825 -0.28021 -0.79732
0.06857 -0.12767 0.72991
-0.11312 0.40015 -0.43323
0.35330 -0.68744 -0.09569
0.07680 -0.41919 -0.09364
-0.08867 -0.12406 0.10250
0.09796 -0.52577 -0.31820
0.24280 -0.56775 0.21000
0.06456 -0.30310 -0.37145
0.25373 0.00829 -0.81829
-0.03281 -0.49008 -0.44656
-0.08049 0.81595 -0.48137
-0.24338 0.31034 0.29018
-0.03880 0.28835 -0.26358
-0.00332 -0.54762 -0.39270
0.11554 -0.11512 -0.27800
-0.05785 -0.19160 -0.26198
0.01644 0.00869 0.59244
0.02249 0.13802 -0.35119
0.03893 -0.49888 -0.54611
-0.03321 -0.04825 0.54730
0.13021 -0.23122 0.20145
-0.09392 -0.07390 -0.12670
0.05648 -0.11978 -0.01821
0.17469 -0.06516 -0.40794
-0.16901 0.57867 -0.03162
0.18047 0.07288 -0.68711
-0.24285 0.31548 0.59002
-0.14561 0.26051 0.46839
-0.14300 0.03437 0.29279
0.11803 -0.19058 0.26968
-0.23993 0.37952 0.67214
-0.01398 0.20605 -0.02087
0.37772 -0.68444 -0.01147
-0.08686 0.17505 0.73678
-0.20821 0.23858 0.20798
-0.19221 0.34485 0.52243
0.12694 -0.21195 0.72805
0.14481 -0.42838 -0.10380
-0.00736 0.61152 -0.08861
-0.07885 0.29528 -0.45883
-0.15375 0.53518 -0.21843
-0.34668 0.56777 0.36698
0.01762 -0.50206 -0.30159
0.05583 -0.51990 -0.43320
-0.05676 -0.10939 0.47715
-0.04909 -0.23972 -0.23505
-0.29657 0.67207 0.23350
-0.16435 0.58045 0.15243
-0.11088 0.19301 0.38593
0.05909 -0.18990 -0.74987
0.07021 -0.22657 -0.80254
0.24941 0.05067 -0.57833
-0.12147 0.07419 0.57718
-0.10386 -0.07269 0.07100
-0.36327 0.66592 0.32945
0.32494 -0.60823 0.04667
-0.14260 0.15215 0.65335
-0.02218 0.04689 0.50494
-0.03849 0.74489 -0.34518
0.10889 -0.27367 -0.00600
-0.04442 -0.29584 -0.46557
-0.03889 0.35804 -0.13395
-0.15686 0.15354 -0.01871
-0.02519 -0.60612 -0.49647
0.19079 -0.41517 0.08139
0.07236 -0.41572 -0.33224
-0.13840 0.05021 0.04270
0.04051 0.17591 -0.58745
-0.12899 0.45949 -0.44624
-0.06484 0.71916 -0.18425
0.01252 0.11810 0.08389
-0.29567 0.50309 0.21517
0.13055 -0.02113 0.84677
-0.10063 0.06896 -0.28737
0.05120 -0.45773 -0.65016
-0.05297 -0.17000 -0.39517
0.06192 0.07884 -0.62903
-0.03085 0.19920 -0.21109
-0.14325 0.35210 -0.26902
-0.16258 0.29784 0.40157
0.07727 -0.10053 0.49686
0.02715 -0.10831 -0.65305
0.24742 -0.06163 -0.93994
0.16758 -0.06127 0.81519
-0.09665 -0.03283 -0.18987
0.18697 -0.30182 0.27768
0.21505 -0.41884 0.16793
0.01541 -0.27327 -0.69917
0.11744 -0.30455 0.42854
-0.14496 0.29899 0.29447
0.09786 -0.39595 0.30121
0.01476 -0.05739 0.65066
-0.18289 0.22734 0.03313
0.11738 -0.25874 -0.67761
-0.01152 0.08155 -0.55321
0.00031 0.05760 0.00079
0.09684 0.12432 -0.53414
-0.10864 0.10904 0.66108
-0.11830 -0.01372 0.39034
-0.09553 0.67157 -0.33044
0.22996 -0.01712 -0.48298
0.01889 -0.21517 0.49324
-0.21483 0.27161 0.64094
-0.00062 0.09594 0.18199
0.17929 -0.31017 0.34213
0.12673 -0.19393 -0.63142
0.37834 -0.67904 -0.18189
-0.17056 0.23668 -0.07541
0.39565 -0.63654 -0.12426
-0.04284 0.57100 -0.45976
-0.06710 0.41414 0.16263
-0.03936 -0.19809 -0.47705
-0.04166 0.67895 -0.38819
-0.03868 0.11707 0.71227
0.06748 0.14276 -0.47605
0.04570 -0.35302 0.38418
0.08876 -0.43497 -0.27228
-0.14978 0.10996 0.01154
0.21381 -0.37524 0.20442
-0.35168 0.63069 0.43656
0.26035 -0.64173 -0.04258
0.16121 -0.24013 0.38621
0.16624 -0.08503 -0.51554
-0.12766 0.39475 -0.35699
0.07543 0.30594 0.18174
-0.03551 0.48699 -0.18997
0.01302 -0.41613 0.35277
-0.30589 0.72794 0.33142
-0.06866 -0.16749 0.07185
-0.04042 -0.24298 -0.02910
0.18200 -0.31365 0.53941
0.00183 -0.54842 -0.57511
0.10246 -0.06849 0.64379
-0.27106 0.52006 0.43009
0.19442 -0.51247 0.14870
0.07233 -0.72300 -0.36261
-0.01594 -0.38881 -0.28260
0.05437 -0.14926 0.67200
-0.12035 0.31440 0.60661
0.04993 -0.44640 -0.51327
-0.03694 0.61137 -0.32000
-0.03939 -0.08335 -0.46858
-0.18010 0.23144 0.70236
-0.07416 -0.14757 -0.17271
-0.04893 0.08353 0.75800
0.25246 0.02906 -0.64298
-0.06810 0.65977 -0.49828
0.10458 -0.11860 0.58998
0.11060 -0.34422 0.70860
0.16944 -0.25977 0.44474
0.21598 -0.56381 -0.19798
0.12291 -0.46233 0.09428
-0.13614 0.50083 0.19724
-0.24046 0.56975 0.08145
0.13679 -0.01231 -0.75097
-0.02227 -0.50838 -0.59858
-0.08121 0.34812 -0.48704
-0.22595 0.33305 0.70942
-0.04446 0.10032 0.46256
0.00314 -0.03720 -0.57901
-0.09426 0.51476 -0.50973
-0.03616 -0.31367 -0.36009
-0.06794 0.09462 -0.41754
-0.18892 0.20176 0.13105
-0.09267 -0.31360 0.22250
-0.04806 0.76305 -0.39386
-0.10752 -0.02432 -0.08196
-0.02032 0.65632 -0.16476
0.27299 -0.54389 0.06120
0.29878 -0.61623 -0.24648
-0.26777 0.63405 0.34697
0.00811 -0.45509 0.23561
-0.17078 0.11863 0.22662
-0.11141 -0.05688 0.33114
-0.03436 0.34777 -0.37698
0.10604 -0.02268 -0.26942
0.07823 -0.14526 -0.15179
-0.09510 0.20793 0.26856
-0.10929 -0.11263 0.40119
0.01706 0.23241 0.04733
0.04114 0.03554 0.84604
-0.07397 -0.15552 -0.07750
0.22813 -0.01497 -0.92963
0.05779 -0.39220 0.03693
-0.11172 0.30811 -0.35999
0.10812 0.03571 -0.68764
-0.00963 0.30285 -0.51722
-0.04346 -0.40193 -0.50600
-0.30198 0.56371 0.45422
-0.03436 0.45663 0.14027
-0.00087 -0.00507 0.48605
-0.04607 0.38358 -0.18683
-0.29464 0.40117 0.44552
0.12362 -0.30003 0.78197
-0.02013 0.12694 -0.06686
0.15966 -0.51126 0.04874
-0.20293 0.20050 0.29843
0.07444 -0.36403 -0.63893
0.21934 -0.65252 -0.15559
-0.08385 -0.27038 0.19084
0.19753 -0.73543 -0.33759
0.18641 -0.66078 -0.21709
0.06030 0.01686 -0.25122
-0.01609 0.00434 -0.52828
0.05521 -0.46898 -0.43950
-0.16444 0.16588 0.60563
0.02197 -0.72305 -0.49387
0.11762 -0.14358 -0.45370
0.06385 -0.22572 0.58938
0.18255 -0.38038 0.47457
0.31164 -0.63166 0.16170
0.38176 -0.60702 -0.17906
-0.21915 0.31693 0.77282
0.09861 -0.43795 0.01307
0.28999 -0.65160 0.00675
0.06866 -0.33254 -0.27012
-0.02398 0.02355 0.67994
-0.21555 0.29364 0.82779
0.03107 -0.17752 -0.68233
0.10868 -0.12720 -0.79313
-0.12408 -0.02673 0.15434
-0.15773 0.07905 0.32645
-0.13489 0.02718 0.10800
-0.03489 -0.24712 0.04340
-0.06313 -0.25744 0.13141
0.16739 -0.33973 0.11653
-0.01364 0.24001 -0.39130
-0.00031 0.11423 0.03173
-0.02650 0.59859 -0.20238
-0.00727 -0.42502 -0.67447
-0.03921 0.52746 -0.40016
0.03374 -0.43335 -0.21316
0.14888 -0.29809 0.39010
0.23009 -0.47718 0.08156
-0.17099 0.59150 0.02104
0.07705 -0.19037 -0.23840
-0.01385 -0.61158 -0.44228
-0.07192 0.52971 0.07639
0.25457 -0.60642 0.18062
0.08261 -0.20872 -0.32791
0.19986 0.01740 -0.45748
0.05204 -0.08537 0.16355
0.02579 -0.05083 0.01699
-0.17845 0.18808 0.07659
0.08451 -0.20324 -0.42453
0.13847 -0.22211 0.60038
-0.13020 0.54043 -0.31314
-0.32018 0.54874 0.26112
-0.21859 0.29253 0.17958
0.14033 -0.11465 -0.41490
0.14661 -0.22665 0.29195
-0.03678 0.23527 -0.11065
-0.27628 0.56172 0.17070
-0.03110 -0.30827 -0.27197
0.03940 -0.74225 -0.40286
0.12188 -0.15278 -0.51846
-0.27215 0.38306 0.32397
0.07606 -0.16739 -0.05456
0.31683 -0.59660 -0.16814
-0.14431 0.40946 0.24927
0.12520 -0.50896 -0.07712
-0.29673 0.42990 0.38073
0.16839 0.07200 -0.59997
0.08124 -0.07332 -0.19045
-0.26414 0.40904 0.23772
-0.10852 0.26497 0.62447
0.08323 -0.12728 -0.75019
0.01171 0.29984 0.19827
0.21831 -0.03221 -0.63117
0.07282 -0.61204 -0.28519
-0.21775 0.38650 0.46703
0.21763 -0.50668 -0.08793
-0.13514 0.25660 0.74675
-0.04141 -0.49831 -0.50263
-0.04073 -0.42154 -0.44505
-0.03377 0.12881 -0.50939
0.21412 -0.12542 -0.90359
-0.12781 0.05553 -0.04707
0.09746 -0.16317 0.80755
-0.10159 0.80048 -0.43619
0.03821 0.47194 0.05256
0.09013 -0.29385 -0.10571
-0.00453 -0.18046 -0.57980
-0.12119 0.57841 0.04439
-0.17081 0.30319 0.45026
0.12356 -0.34189 -0.03806
-0.05322 0.80995 -0.35110
0.01886 -0.63885 -0.51292
0.22686 -0.52359 0.22898
-0.07720 0.05218 -0.37780
-0.05362 0.37716 0.19136
-0.16065 0.10053 0.12997
-0.09559 -0.18252 0.20266
-0.04505 0.02295 -0.46398
0.21710 0.06862 -0.74839
0.35678 -0.63082 -0.02480
0.21083 -0.46233 0.23543
-0.02610 0.45661 -0.10800
0.05909 0.45564 0.11333
0.06686 -0.30213 -0.47029
-0.17009 0.19875 -0.00700
-0.11504 0.07308 -0.20824
-0.01774 0.05155 0.24111
-0.18594 0.14601 0.32434
0.08603 -0.14895 0.23779
-0.16217 0.22184 0.78420
-0.26650 0.67876 0.30739
0.34703 -0.67910 0.06466
-0.30723 0.44176 0.59483
-0.06832 0.14382 0.67952
0.03343 -0.59686 -0.33850
0.11995 -0.24941 0.09778
0.16746 -0.14497 -0.69270
-0.08233 0.16007 0.61175
0.07037 -0.22832 -0.20747
0.05505 -0.33329 -0.78657
0.10582 -0.21378 0.83096
0.04890 -0.25837 0.48771
0.25420 -0.05836 -0.86045
-0.01876 0.26605 -0.56666
0.04343 -0.05907 -0.08796
0.09917 -0.57802 -0.21903
-0.04579 -0.21057 -0.36952
-0.32941 0.67797 0.41052
0.06804 -0.08171 0.74413
-0.14167 0.26719 0.79320
-0.10209 -0.11197 0.16383
0.09439 -0.29079 0.70832
-0.07369 0.74427 -0.25933
-0.03787 0.54093 -0.25554
0.05490 0.02807 0.68931
0.17827 0.00291 -0.40255
0.10386 -0.49802 -0.27603
0.05804 -0.57301 -0.43365
-0.02768 0.35618 -0.07889
-0.07543 0.42623 -0.54158
0.09103 -0.29535 -0.61123
0.07863 -0.12075 0.41754
-0.10883 -0.12428 0.35454
0.13626 0.05663 -0.45038
0.16050 -0.18657 -0.74498
-0.20576 0.29249 0.07835
0.04750 0.08475 0.84713
-0.08596 0.63291 -0.10216
0.13114 -0.03524 0.71213
-0.24733 0.41204 0.57088
-0.03190 -0.38370 -0.34360
-0.31717 0.49816 0.31803
0.03296 -0.04100 0.70243
0.11271 -0.44259 -0.20017
0.15699 0.03919 0.78691
0.22947 -0.00534 -0.54052
-0.11280 -0.02077 -0.02789
-0.09227 0.60113 -0.46579
-0.04119 0.45377 -0.39803
-0.03483 -0.28183 -0.55674
0.05745 -0.09882 0.32541
0.21185 -0.14422 -0.83574
-0.11246 -0.18717 0.29697
0.03918 0.20652 -0.52407
-0.28427 0.37549 0.50582
-0.03197 -0.29398 -0.15166
0.08584 0.39563 0.10365
-0.16136 0.19142 0.67881
0.09755 -0.23495 -0.55254
0.16199 -0.04700 -0.32649
-0.02889 -0.56313 -0.51514
0.03011 -0.30541 -0.07659
0.13275 -0.12335 0.84833
0.13574 -0.20229 0.36982
-0.09407 0.69987 -0.37376
-0.20486 0.38344 0.40523
-0.00354 -0.25223 -0.00150
0.12402 -0.18718 0.46745
0.03402 -0.43195 0.18497
0.23375 -0.46626 0.16251
-0.09460 0.02004 -0.29978
-0.04150 -0.26533 -0.40693
0.06357 -0.41849 -0.67260
0.15223 -0.68597 -0.39195
0.14941 -0.43677 0.18185
0.08823 -0.21256 0.75651
0.09699 -0.22341 0.01714
0.01578 0.02157 0.07094
-0.06670 -0.01105 0.53060
-0.01500 0.41415 -0.05597
0.10256 -0.05893 -0.23941
-0.06400 -0.00331 -0.41757
0.16569 -0.61429 -0.31180
0.09106 -0.50732 -0.16322
0.06869 -0.32186 -0.51428
0.16736 -0.10698 -0.60349
-0.22866 0.63068 0.28269
0.13946 -0.50771 -0.20954
0.10793 -0.31079 0.52685
-0.06412 0.82663 -0.42767
-0.10926 0.61026 -0.17022
0.02358 0.41675 0.02570
-0.14800 0.33344 0.68962
0.01137 -0.10845 0.56255
0.19952 -0.46200 -0.01981
0.06540 -0.68072 -0.34093
0.04949 0.25572 0.18654
-0.29256 0.39731 0.55576
0.17640 -0.06130 -0.46687
-0.03399 0.18845 -0.11600
-0.03706 0.26850 0.21101
0.01389 0.10568 -0.23483
-0.22412 0.53781 0.32341
0.05543 -0.04753 0.56557
-0.14359 0.20461 -0.17401
0.21167 -0.06536 -0.67638
0.11545 -0.74635 -0.44148
-0.07068 0.76875 -0.48276
0.28073 -0.57868 0.24656
-0.01162 -0.31717 -0.64630
-0.04405 0.39716 -0.27857
-0.11498 -0.22666 0.27370
-0.19973 0.20195 0.24293
0.01780 -0.01309 -0.06004
-0.11355 0.22487 -0.31068
0.18970 -0.74396 -0.38321
0.03725 0.01870 -0.20563
0.03958 0.09328 -0.32249
0.06639 -0.25262 -0.30375
-0.09037 0.16936 0.51561
-0.15785 0.09559 0.47990
-0.12936 0.34396 0.64417
0.12412 -0.23823 0.76791
0.15633 -0.47729 0.13015
-0.09864 -0.22355 0.22217
0.17292 -0.34418 0.28666
-0.25565 0.53150 0.12442
0.38707 -0.61288 -0.22388
0.06934 -0.37408 -0.06539
-0.03632 0.39496 -0.52325
0.10240 -0.09578 0.82875
0.24494 -0.08302 -0.89996
-0.23673 0.28728 0.33500
0.06925 -0.42967 0.29110
-0.02308 -0.10667 -0.50652
-0.01351 0.65911 -0.10936
-0.13390 0.26289 0.51207
0.05089 -0.29151 0.45354
-0.32484 0.75835 0.29803
-0.01612 0.08860 0.68530
-0.09718 0.52797 0.11965
-0.02131 -0.14992 0.49419
0.16683 0.04344 -0.52586
-0.06760 -0.15369 0.01719
0.14049 -0.05465 -0.79656
-0.01354 0.16016 -0.01784
-0.01730 0.56518 -0.12275
0.01373 0.54152 -0.00830
-0.10774 0.60880 -0.23548
-0.34544 0.61910 0.29574
0.20312 -0.04395 -0.56971
-0.14275 0.44228 -0.34108
-0.13635 0.26340 -0.24390
0.06655 -0.14523 0.04220
0.32289 -0.58969 -0.09063
-0.04803 -0.24502 0.43081
-0.05946 0.11029 0.27260
-0.21822 0.22838 0.38217
0.13922 -0.38157 0.53726
0.14043 -0.22513 -0.72930
0.18190 -0.19031 -0.83748
0.22658 -0.30182 0.36535
-0.15046 0.57552 0.11050
0.15708 -0.40715 0.57813
-0.03709 0.39941 -0.46103
0.03685 -0.54647 -0.52248
-0.00829 0.06550 0.82187
-0.08366 0.78096 -0.33417
-0.02874 0.03463 0.32164
0.18886 -0.53202 -0.17263
-0.17547 0.28529 -0.09044
0.22176 -0.33164 0.43862
-0.22716 0.49836 0.34514
-0.02432 0.21261 -0.29338
-0.19600 0.45730 -0.07831
0.14649 -0.60055 -0.17473
0.11480 -0.66383 -0.40031
0.02719 -0.36018 -0.15132
-0.06223 0.11823 0.56835
-0.05462 -0.22874 -0.19228
0.26392 0.01688 -0.90468
0.11225 -0.29388 -0.70412
-0.17031 0.36342 0.31858
0.26206 -0.00169 -0.77606
-0.03212 -0.45930 -0.61946
-0.03200 -0.30117 -0.31794
-0.25034 0.66278 0.21983
0.19741 -0.62735 -0.12676
-0.20915 0.51357 0.01276
0.23969 -0.56011 -0.16067
-0.36781 0.71643 0.32044
0.25466 -0.54428 -0.10393
-0.04831 0.19767 0.20788
0.01628 0.09316 -0.58658
-0.22968 0.26661 0.48022
0.09917 -0.20515 -0.82751
-0.15515 0.27174 -0.16967
-0.11510 0.17910 -0.27502
0.01423 0.15958 0.07007
0.01314 -0.37353 -0.71105
0.31537 -0.61449 0.10233
0.21344 -0.56261 0.10100
0.32581 -0.60400 0.00316
-0.14049 0.61132 -0.03727
0.05717 -0.10148 0.26318
-0.15307 0.18740 -0.11103
0.08193 -0.53250 -0.36003
0.09802 -0.12856 0.53346
0.13732 -0.31918 0.46441
-0.19858 0.44448 0.31589
0.32960 -0.67931 -0.26582
-0.05806 -0.19341 -0.03791
0.12350 -0.38421 0.63531
-0.05107 -0.20658 0.04733
-0.06154 0.58627 0.00191
-0.04455 0.32097 -0.23214
-0.02684 0.54266 -0.16145
-0.04306 0.28597 -0.16605
-0.20542 0.22641 0.56378
-0.24764 0.42707 0.50160
-0.16748 0.14378 0.08069
-0.08562 0.70225 -0.45561
0.16596 -0.01980 0.77682
-0.22645 0.33229 0.85605
0.02044 -0.29582 -0.00735
-0.02718 0.05178 0.40771
0.19995 -0.36420 0.55005
-0.13101 0.33337 0.26408
-0.17674 0.14134 0.18452
0.06142 -0.38011 -0.43449
-0.20644 0.37248 0.56311
-0.33963 0.53833 0.39786
-0.25559 0.36978 0.63303
-0.10790 0.56508 -0.42956
-0.06922 0.36051 -0.52665
-0.04101 -0.45959 -0.52738
-0.18547 0.15064 0.40157
-0.23916 0.37961 0.15151
-0.02131 -0.52938 -0.43296
-0.12293 0.24237 0.83380
-0.09031 -0.02214 -0.28724
0.00562 0.36482 0.00287
-0.15217 0.46087 -0.26372
-0.13402 -0.01093 0.24035
-0.17556 0.14671 0.52365
0.25078 -0.66642 -0.12995
-0.09702 -0.13134 0.43896
0.01970 -0.65342 -0.38582
-0.10482 0.21893 0.55977
0.27138 -0.53348 0.23118
0.21521 -0.62475 -0.28921
-0.22474 0.60364 0.10230
-0.09715 0.28003 -0.39961
0.03905 -0.19234 0.54132
-0.31033 0.52776 0.49917
-0.19594 0.30079 -0.01012
0.01293 0.01179 0.75343
0.22142 -0.42413 0.26687
-0.15928 0.35979 -0.21083
-0.28722 0.47578 0.52538
0.12875 -0.21834 -0.66636
0.06987 -0.22510 0.64971
0.08485 -0.13783 0.33119
-0.13642 0.00924 0.20259
-0.32593 0.60095 0.45276
0.03579 0.51103 0.06917
0.18464 -0.33495 0.18289
0.15167 -0.22518 0.33770
0.04486 -0.53079 -0.27245
-0.03955 0.56128 -0.36940
0.28116 -0.69358 -0.25005
-0.09938 0.20512 0.85353
0.26979 -0.54147 -0.01698
0.17817 0.03249 -0.76870
0.18386 -0.38166 0.11496
-0.06412 0.18014 -0.44800
-0.21014 0.33109 0.03743
-0.09746 -0.01040 -0.22961
-0.00951 -0.22923 -0.59324
-0.06161 -0.20227 -0.12721
-0.11464 -0.08037 0.21158
-0.16593 0.32144 0.76258
0.21757 -0.47365 0.03226
-0.33289 0.52848 0.34390
0.11237 -0.74925 -0.37108
-0.10998 0.10476 -0.25836
0.13543 -0.10059 0.72744
-0.12042 0.13910 0.69653
-0.18985 0.35108 0.69707
-0.13744 0.30084 0.55955
-0.08860 0.34799 0.21121
0.16391 -0.37576 0.25262
0.13720 -0.24928 0.67360
-0.04415 0.72045 -0.38150
-0.11349 0.23721 0.65953
0.14537 -0.54539 -0.08327
-0.00192 0.18504 -0.56777
-0.16084 0.57586 -0.07351
-0.07148 0.12527 0.81608
0.04763 -0.57457 -0.30585
-0.10479 -0.04822 0.42011
0.00255 0.50329 -0.03348
-0.08488 -0.10650 0.00231
-0.03495 -0.33560 0.12964
-0.19206 0.33944 0.79559
0.15332 -0.63491 -0.21035
-0.02883 0.33346 -0.41600
0.19486 -0.29798 0.45093
0.29794 -0.59212 0.13637
-0.11824 0.16381 0.76213
-0.00891 0.01460 0.41371
0.13977 0.00392 -0.37378
0.08196 -0.72548 -0.45539
0.24326 -0.46483 0.20397
-0.09702 0.10382 -0.31043
0.08317 -0.39958 0.23803
-0.01317 0.03333 0.72855
0.21108 -0.51082 0.19243
0.09327 -0.59695 -0.37247
0.06658 -0.49932 -0.20378
-0.21272 0.41879 0.38303
0.07615 -0.21206 -0.13616
-0.24142 0.63154 0.16357
0.09637 -0.24611 -0.83484
0.20520 -0.61627 -0.08571
0.07053 -0.65402 -0.43699
0.12825 -0.15475 -0.55977
-0.09743 0.66161 -0.24017
-0.23002 0.43481 0.07232
0.16680 -0.10746 -0.86957
-0.01463 0.10997 0.84486
0.14403 -0.31978 0.70332
0.37859 -0.69612 -0.06393
0.36514 -0.62470 -0.07502
-0.04402 -0.35410 -0.49737
0.12058 -0.16687 0.65041
0.13316 0.06628 -0.49817
-0.00279 0.36442 0.18871
-0.02973 -0.21017 -0.51593
0.08904 -0.13316 -0.19284
0.11809 -0.36766 0.67492
-0.27749 0.60293 0.16756
0.05710 -0.11932 0.07364
-0.29722 0.60278 0.21101
0.16500 -0.31336 0.15035
-0.01814 -0.03314 0.59648
0.08864 -0.34915 -0.18124
0.02635 0.08232 0.75963
-0.25127 0.30908 0.47904
-0.19631 0.18205 0.45518
0.26038 0.00264 -0.86140
-0.13228 0.08972 -0.07884
0.07988 -0.20451 -0.07837
0.08056 -0.17282 0.74961
-0.04194 -0.35930 -0.42360
0.10268 0.36299 0.12183
0.06910 -0.26843 -0.39466
-0.33752 0.73540 0.35911
-0.07500 0.12312 0.39190
0.07506 -0.29485 -0.19003
-0.10771 0.60804 -0.31233
-0.03806 0.74870 -0.28828
-0.15058 0.06726 0.15864
-0.08891 0.14371 -0.35766
0.12539 -0.39275 -0.10874
0.22987 -0.59287 0.04222
-0.02743 0.69920 -0.21322
0.08385 -0.28920 0.55179
-0.01090 -0.57224 -0.42899
0.25553 0.02312 -0.69430
0.18917 -0.54425 0.05992
-0.35681 0.60929 0.33355
-0.04505 -0.25608 -0.45699
0.09162 -0.15243 -0.23714
-0.09889 0.77410 -0.39893
0.17072 -0.43245 -0.03679
-0.03364 0.14097 0.20630
-0.00460 -0.30018 0.41593
-0.08730 -0.11764 -0.08353
-0.04303 -0.33785 -0.55535
-0.32705 0.53174 0.29750
-0.17084 0.54291 -0.13285
-0.10572 -0.13926 0.24762
-0.07792 -0.09228 -0.27731
0.12747 -0.10565 -0.31772
0.08314 -0.40963 -0.04928
0.00013 0.44342 -0.02498
0.10448 -0.15114 0.48397
0.11411 -0.04505 -0.74376
0.09901 0.07160 -0.65218
-0.06263 -0.08025 -0.40430
0.16640 -0.29099 0.57102
-0.01211 0.29129 -0.02722
-0.00152 -0.49043 -0.33519
-0.04104 0.65105 -0.41737
0.12483 -0.28951 0.03945
0.00966 -0.01972 0.27729
-0.04620 0.06576 0.35726
-0.05045 0.69142 -0.11697
-0.26255 0.34516 0.38579
0.16276 -0.72429 -0.32076
0.02939 -0.36168 0.05694
0.01516 -0.39654 0.12779
-0.04719 0.66846 -0.46443
-0.19653 0.34276 -0.03792
0.27933 -0.64027 0.09986
0.01594 -0.03248 0.38132
0.07615 -0.01535 0.64589
-0.09218 0.19576 0.81449
-0.12843 0.12805 -0.18012
-0.09550 -0.03356 0.47607
0.01979 -0.75629 -0.47158
-0.10178 0.60216 -0.05383
0.10715 -0.34383 0.60657
0.16090 -0.50279 -0.16653
0.25507 -0.01349 -0.72452
-0.15201 0.38931 -0.25711
-0.01531 0.36916 -0.04313
-0.17193 0.30400 0.84424
0.13974 -0.21854 0.54310
-0.11128 -0.21797 0.38690
0.05723 -0.40105 -0.51000
0.05465 -0.36457 0.00239
-0.15475 0.23005 0.86263
-0.07801 0.55112 -0.51270
-0.02936 -0.45205 -0.39924
0.26373 -0.71194 -0.30692
0.09808 -0.18697 0.15912
0.02706 -0.45730 -0.24628
0.15627 -0.08419 0.78459
0.00047 0.21585 0.01508
0.13738 -0.37418 0.70919
-0.00898 0.07178 -0.04174
-0.34460 0.54308 0.44950
-0.04082 0.44018 -0.43543
0.10172 -0.28458 -0.65174
-0.27426 0.60006 0.37824
-0.14617 0.27269 0.37009
-0.01640 0.28435 -0.42807
0.07205 -0.22512 -0.27273
-0.15969 0.13678 0.57055
0.29219 -0.63985 -0.28424
-0.02398 0.48011 0.09773
-0.10028 -0.06698 -0.02287
0.01957 0.03323 0.15465
-0.32546 0.45769 0.53759
0.12378 -0.43343 -0.16241
0.05791 -0.40125 -0.55525
-0.03740 0.06624 0.27215
0.06701 -0.34177 -0.31081
0.21083 -0.69621 -0.25585
0.02209 0.03967 0.66601
0.12474 0.08513 -0.61528
0.04117 -0.45075 -0.68775
-0.03268 0.08099 0.61476
-0.10171 0.36356 -0.44256
0.33143 -0.67646 0.01579
0.22791 -0.05727 -0.71197
-0.12172 -0.00248 0.03207
0.00777 -0.20454 -0.63094
0.06922 -0.02463 -0.68638
-0.01417 0.55217 0.04270
0.14605 -0.26559 0.17901
-0.13337 0.55072 -0.24831
0.05692 -0.03171 0.78857
-0.18386 0.39208 -0.12914
-0.33531 0.50189 0.47242
-0.21934 0.27545 0.21593
-0.04060 0.51733 -0.33746
-0.16978 0.18806 0.63763
-0.19156 0.50250 -0.07269
-0.10411 0.20172 0.69894
-0.20880 0.37405 0.64886
-0.04343 0.06158 -0.47063
0.03542 0.03180 -0.61193
-0.27979 0.39206 0.36131
-0.14626 0.55689 -0.18273
0.10865 -0.21932 -0.59591
0.02715 -0.49233 -0.64063
0.24637 -0.52372 -0.06287
-0.15509 0.07888 0.39850
0.06742 -0.42931 -0.36856
-0.24683 0.35881 0.22715
0.24158 -0.51233 0.27754
0.01370 -0.40890 -0.23606
-0.01339 -0.62462 -0.52968
-0.15788 0.20532 0.72271
-0.19750 0.53225 -0.02971
-0.08783 0.68001 -0.17863
-0.17665 0.47726 0.26997
-0.11600 0.04782 -0.14152
0.03551 0.18571 0.12973
0.14204 -0.12409 -0.84450
-0.03930 0.40638 -0.39003
0.16690 -0.52983 0.01528
0.09411 0.01945 0.71590
-0.06403 0.29587 0.21727
0.07963 0.06304 0.77939
-0.17789 0.59789 0.18441
0.04977 -0.10421 -0.68702
-0.09028 0.15769 0.45616
-0.02957 0.35839 -0.45000
0.06273 -0.35904 -0.40087
-0.25283 0.31677 0.41383
0.09650 -0.33145 -0.70355
-0.20439 0.45225 -0.04083
0.13170 -0.65467 -0.25221
-0.08211 0.20149 -0.41313
0.08920 -0.18054 0.12096
-0.01258 -0.11685 -0.54235
0.13406 -0.15241 0.76850
0.04868 -0.05528 -0.12611
0.04850 -0.29242 -0.79071
-0.08270 -0.08417 -0.23979
-0.05045 -0.37752 0.18030
-0.05483 0.80688 -0.39578
0.00882 -0.57353 -0.36673
0.05505 0.22985 0.12490
0.30307 -0.57868 -0.02537
-0.04511 0.64377 -0.04471
0.00562 -0.35917 0.09146
0.05856 -0.09088 -0.10800
0.06344 0.27535 0.10337
-0.03079 0.17172 -0.52895
-0.20585 0.28861 0.73622
-0.07220 -0.20131 0.43336
0.22120 -0.35128 0.24690
0.06341 -0.11709 0.13565
0.04710 -0.22890 -0.75322
-0.00913 0.10085 0.73083
0.14636 -0.48782 0.07752
0.02843 0.50841 0.03153
-0.04328 0.53402 -0.44935
0.13558 -0.29958 0.73549
-0.21023 0.28196 0.13511
0.01380 0.12667 0.16103
0.11588 -0.30138 -0.76214
-0.05169 0.32608 -0.54499
0.10116 -0.20239 -0.51823
0.18367 -0.32478 0.39628
0.17640 -0.55201 -0.01625
-0.07366 -0.00259 -0.37877
-0.19877 0.40448 -0.07256
0.13971 -0.01740 -0.33630
-0.04315 -0.37254 -0.59225
0.08895 -0.24739 -0.06882
0.09780 -0.25571 -0.58465
-0.21048 0.58691 0.06507
-0.04402 0.77950 -0.26605
-0.21219 0.23414 0.26387
0.18072 -0.06913 -0.54706
-0.08630 0.66431 -0.45170
-0.04340 -0.33678 -0.46130
0.07422 -0.30912 0.42905
0.05962 -0.42733 -0.43539
-0.02476 -0.34558 -0.26779
0.01979 -0.03033 -0.01450
-0.12601 0.49342 -0.46316
-0.04377 0.43197 -0.26131
0.06950 -0.28417 -0.22608
-0.14279 0.27349 0.32871
0.01193 -0.12788 -0.62383
0.33208 -0.68188 -0.18480
0.05915 -0.05193 -0.16827
-0.11262 0.58272 -0.34195
-0.14484 0.54387 0.17404
-0.12533 0.22518 0.47576
-0.03097 0.24988 -0.29319
0.12188 -0.13135 0.68006
-0.17600 0.40489 0.29484
0.07071 -0.33489 -0.55243
-0.01081 0.03899 -0.54321
-0.04430 0.45470 -0.51773
0.08597 -0.28147 0.64679
-0.06102 0.03090 0.59373
-0.03843 0.61720 -0.01290
-0.12520 0.04356 0.52914
-0.05980 -0.14865 -0.36477
-0.00416 0.13625 -0.25102
0.07282 -0.25524 0.56763
0.25354 -0.51291 0.07815
0.19908 -0.57967 -0.24285
-0.11075 0.34978 -0.38970
-0.03827 0.73703 -0.20443
0.17529 -0.29771 0.23869
-0.02852 0.35639 -0.52576
0.08587 -0.20257 -0.36494
-0.09876 0.64507 -0.38094
-0.18401 0.55002 0.24749
0.05269 -0.44500 -0.61020
-0.18637 0.16552 0.21911
0.00876 0.21691 -0.42599
0.00982 0.06366 -0.14301
-0.03930 -0.26592 -0.12083
-0.08136 0.75942 -0.30344
-0.12216 0.29041 -0.31225
-0.03451 0.07784 0.43379
0.25727 -0.49902 0.23628
-0.11383 -0.27243 0.27914
0.00333 -0.46739 -0.30427
0.08090 -0.27230 -0.51526
0.09460 -0.48804 -0.12965
0.13729 -0.16292 -0.60718
0.00559 0.02243 -0.01113
0.09631 0.38083 0.15870
0.00522 -0.69769 -0.42366
0.10215 -0.31449 0.74358
0.12924 -0.32655 0.35062
0.03247 -0.32749 -0.10918
-0.09025 0.07272 -0.33019
-0.21514 0.40120 0.00212
0.07655 0.14438 -0.55838
-0.12004 0.16035 -0.24300
0.06195 -0.53012 -0.23916
-0.08307 -0.02869 -0.33449
0.17786 -0.66762 -0.36041
-0.03669 0.02675 0.64490
-0.03650 0.58858 -0.28837
-0.04635 0.49029 -0.50195
-0.11588 -0.04026 0.08520
0.23239 0.05756 -0.78476
-0.22788 0.32892 0.17404
-0.08807 0.55766 0.05107
-0.26572 0.33982 0.50863
0.01690 -0.08790 0.61650
0.09553 -0.20928 0.79307
0.10019 -0.16177 0.30174
0.01811 -0.00741 0.20664
0.15938 -0.38400 0.50359
-0.00556 0.10837 -0.15489
-0.05921 0.05755 0.65234
0.23074 -0.08573 -0.81314
-0.00137 -0.00179 0.36319
0.21881 0.00007 -0.89283
-0.00239 -0.28288 -0.08112
-0.18004 0.46720 -0.14163
-0.01482 -0.42044 -0.30959
-0.08661 0.12783 0.76427
0.21906 -0.09301 -0.92478
-0.10696 0.18383 0.42214
0.11029 -0.35939 0.33590
0.11933 -0.08246 -0.78379
-0.15099 0.28743 0.76086
-0.04206 -0.08745 0.50477
-0.14160 0.39186 -0.29825
-0.04508 -0.26119 -0.17686
-0.00140 -0.63529 -0.41650
-0.06067 -0.34147 0.17130
0.26808 -0.03080 -0.93822
-0.09100 0.18719 0.77164
-0.04219 0.32241 -0.15152
0.06910 0.05726 -0.34144
0.32186 -0.67461 -0.30302
0.04611 0.12113 -0.38998
0.13465 -0.40945 0.20207
0.07894 0.10906 -0.44676
0.05210 0.31917 0.07710
-0.14421 0.30416 -0.23764
-0.07295 0.11640 0.31777
-0.18929 0.21929 0.61397
-0.24733 0.33738 0.26522
0.02461 0.45361 0.02257
0.12791 -0.21579 0.69103
0.23267 0.03992 -0.83260
0.13397 -0.16830 0.81067
0.24615 0.03301 -0.54346
0.00183 0.20798 0.19378
0.00590 0.05886 -0.57743
-0.13937 0.07907 0.54105
-0.06801 -0.11390 -0.34528
-0.11501 0.27536 0.26971
-0.01730 -0.29246 0.06716
0.04924 -0.46728 -0.20971
0.00991 0.58698 -0.01020
-0.09395 0.56201 -0.48126
-0.13968 0.04850 0.46147
-0.31931 0.69394 0.37557
-0.07792 -0.12172 -0.20010
0.26538 -0.52706 0.16242
-0.03159 -0.52191 -0.46756
-0.04371 0.44080 -0.22554
0.16090 -0.25930 0.50767
0.37055 -0.62627 -0.25420
-0.01761 -0.40359 0.16847
0.03545 -0.58592 -0.50630
0.12468 -0.18706 0.55477
0.21558 -0.30740 0.40495
0.12803 0.01744 -0.71259
0.27650 -0.68261 -0.21526
0.13347 -0.48774 0.01005
-0.09730 0.22344 -0.36994
0.00460 -0.13486 0.53397
-0.36066 0.65102 0.40277
-0.28240 0.48241 0.18785
-0.04747 0.22006 -0.50228
-0.31164 0.46552 0.40086
-0.00752 0.11366 0.80834
-0.13415 0.12590 -0.13364
-0.10870 0.08828 0.61906
-0.03824 0.24020 -0.19562
-0.12141 0.46478 0.19345
0.07546 -0.22558 0.69344
0.03216 -0.38700 0.36392
0.07730 -0.11087 0.46177
-0.01059 0.52140 -0.07579
-0.02908 0.63221 -0.24145
-0.02606 0.15615 -0.10085
-0.25497 0.32871 0.55820
0.22058 -0.08504 -0.75316
-0.10625 0.58754 -0.38855
0.18948 -0.39041 0.57625
-0.08338 0.73783 -0.46809
-0.24133 0.40337 0.63371
-0.00242 0.20070 -0.37591
-0.22657 0.28801 0.61055
0.17973 -0.26006 0.35637
-0.08891 0.71159 -0.33880
-0.00155 0.01974 0.23387
0.12722 -0.17940 0.74434
-0.16087 0.52536 0.21598
-0.01233 -0.71144 -0.47663
-0.30222 0.46581 0.31080
0.07522 -0.45283 -0.13858
-0.04971 -0.22242 -0.27946
-0.12573 0.25362 -0.28024
-0.04020 0.25243 -0.14245
-0.05455 0.10997 0.60322
-0.10451 -0.16855 0.41832
0.11157 -0.14872 0.56957
-0.21104 0.22451 0.49164
0.20228 -0.35400 0.41775
-0.14425 0.04332 0.19300
0.20657 -0.02117 -0.39717
-0.01566 -0.39123 -0.66439
-0.07086 -0.18208 0.11807
0.00013 0.15227 -0.30141
0.07963 0.35813 0.18306
-0.21974 0.23277 0.41911
-0.07888 0.62676 -0.48805
0.24892 -0.66553 -0.32263
-0.02989 -0.42776 -0.63705
-0.30909 0.43063 0.55722
-0.04306 -0.23424 -0.33443
0.02302 0.31473 0.04121
-0.13197 0.02463 0.40114
-0.10886 0.43443 -0.48742
0.02886 -0.14166 -0.66689
0.01495 -0.41976 0.15549
-0.00180 -0.00538 -0.56001
0.06145 -0.76662 -0.43351
0.10218 -0.35437 -0.13248
-0.19364 0.27271 0.86692
0.00413 -0.01789 0.67851
0.13704 -0.57276 -0.28665
0.09342 -0.44166 -0.06473
0.19576 -0.14227 -0.77466
-0.08894 0.18553 -0.38156
0.41895 -0.65973 -0.13899
0.08270 -0.33016 -0.62594
0.00277 -0.30877 -0.67821
-0.20778 0.28830 0.79306
-0.35659 0.60560 0.39783
-0.08922 -0.10513 -0.04987
-0.01019 0.08734 -0.08306
-0.12675 0.60287 -0.12050
0.21080 0.07747 -0.66839
-0.04206 0.10896 0.67102
-0.13912 0.06837 0.01171
-0.03442 0.70369 -0.31144
0.03439 0.15250 -0.40952
0.12399 -0.17998 0.68367
0.03899 0.40156 0.05436
0.07118 -0.10862 -0.72200
0.13869 -0.32236 0.04337
-0.06133 0.11541 0.53120
-0.18355 0.36593 0.35180
-0.13965 0.19649 0.79601
0.11703 -0.19946 0.23406
-0.12122 -0.05147 0.25240
-0.18883 0.59578 0.22685
0.33382 -0.64331 0.09178
-0.31633 0.45409 0.46811
0.05667 -0.09221 0.41361
0.03995 -0.05689 0.48735
0.20399 -0.03847 -0.47079
0.05850 -0.42120 0.10281
0.16031 -0.04092 0.84556
0.15826 -0.34274 0.08209
-0.02616 0.07198 0.47980
0.02482 0.00992 -0.14264
0.18047 -0.41452 0.04720
-0.16596 0.20340 -0.04606
0.06801 -0.41133 -0.71614
0.01557 0.05340 0.11140
0.12673 -0.12348 -0.36533
0.08991 0.30152 0.14907
0.30098 -0.58180 0.04770
0.13459 -0.12346 -0.48137
-0.11837 -0.24776 0.30450
0.07922 -0.17644 0.03058
-0.14117 0.10430 0.58017
0.27678 -0.63357 0.16875
0.40282 -0.68985 -0.09743
0.06350 -0.37436 -0.58499
0.07922 0.00948 -0.68432
0.11800 -0.51964 -0.11031
-0.04868 -0.17798 -0.42959
-0.18404 0.32640 0.49257
-0.04278 -0.41249 -0.56135
-0.22294 0.37772 0.05326
0.19563 -0.53119 0.11850
0.19184 -0.40321 0.50018
0.04552 -0.41312 0.32532
-0.16860 0.35305 0.61182
0.14543 -0.25498 -0.81544
-0.15148 0.59455 0.05343
0.13002 -0.72444 -0.33445
0.40435 -0.64804 -0.22055
-0.03579 0.42287 -0.14111
-0.08466 0.17221 0.27151
0.14447 -0.35517 0.01745
-0.08615 0.14875 0.84732
-0.14241 0.46559 -0.31450
0.15503 -0.58441 -0.13207
-0.09143 0.70502 -0.42089
-0.11004 -0.07228 0.29942
0.04949 0.39871 0.16961
-0.22356 0.47463 0.05387
0.11281 -0.15592 -0.81463
0.05515 -0.73314 -0.47688
0.06478 -0.32726 -0.34308
-0.06655 0.47164 0.15112
0.11911 -0.33948 0.54383
0.26026 -0.62014 -0.26876
-0.07583 -0.20706 0.14525
-0.19268 0.25837 0.04644
0.01712 -0.02355 0.51216
0.13471 -0.69998 -0.30184
0.06239 -0.07478 0.51649
0.13496 -0.61004 -0.32872
0.26280 -0.59541 0.21812
0.21275 -0.56985 0.06668
0.08774 -0.42100 0.16439
-0.11697 0.00921 -0.04558
0.32941 -0.68227 -0.07056
0.15015 -0.46165 -0.13655
0.08556 -0.36756 -0.74331
-0.25463 0.51452 0.39966
-0.00665 -0.22692 0.46860
-0.32226 0.45592 0.50276
-0.30856 0.52041 0.24414
-0.03942 0.59066 -0.35039
0.24273 -0.02280 -0.96097
0.21372 0.00736 -0.42571
0.12138 -0.18386 0.43149
-0.06394 0.14293 0.25557
-0.06769 -0.15566 -0.23655
-0.00457 -0.00241 0.30412
0.07562 -0.32881 0.39741
0.20371 0.07383 -0.71439
0.20396 -0.44440 0.06747
0.02340 -0.03040 0.04523
0.06030 -0.01406 0.81875
-0.20079 0.37699 -0.04336
-0.18392 0.17005 0.15665
-0.15953 0.08564 0.22513
0.08593 0.03058 -0.32654
-0.01954 -0.32094 -0.21100
0.04269 0.16615 -0.45277
-0.23369 0.26717 0.41299
0.09106 -0.41154 -0.24027
-0.01097 0.13782 -0.17739
0.25252 0.04547 -0.72082
-0.03327 0.26631 -0.09529
-0.21955 0.59667 0.28636
0.34973 -0.68871 -0.03767
0.16792 -0.20683 -0.81022
-0.03489 0.12583 0.75557
-0.00217 -0.27810 -0.65036
0.09196 -0.44056 0.10347
0.14226 0.00848 0.83281
0.03738 0.24414 0.08058
-0.04011 -0.42361 -0.59531
-0.18647 0.60735 0.12518
-0.09177 0.68997 -0.28218
0.10312 -0.45054 0.06326
-0.13822 0.04086 0.07628
0.03896 0.20420 -0.56742
0.02821 -0.26704 -0.73081
0.08808 0.07568 0.84283
0.08078 -0.65490 -0.30860
0.19961 -0.41325 0.11487
-0.04315 0.46014 -0.33595
-0.05611 0.25846 -0.49957
-0.15773 0.12522 0.04161
0.13083 -0.24429 0.71051
-0.07291 0.66225 -0.11513
0.16146 -0.04424 -0.82207
0.00724 -0.32177 -0.13989
0.15646 -0.27232 0.59944
0.11331 -0.04935 0.67429
0.07873 -0.05887 0.59603
0.05971 0.17755 -0.55568
0.04530 -0.08427 -0.05880
0.02616 0.16957 0.15968
0.04235 -0.47796 -0.60947
-0.03072 0.72608 -0.23769
0.01895 0.14231 -0.58664
-0.22974 0.37138 0.10635
0.06220 -0.39451 -0.11283
-0.06844 -0.17813 -0.15777
-0.02156 0.10953 -0.53525
-0.16705 0.10808 0.41237
-0.11016 0.00148 -0.10767
0.22254 -0.36238 0.47819
-0.11861 0.54881 -0.39849
-0.09892 0.04967 0.58591
0.00367 0.57990 -0.04651
-0.24273 0.61692 0.13245
0.02389 -0.04505 0.30659
0.00525 -0.08696 -0.59472
0.07789 -0.22510 -0.39357
0.07186 -0.46014 -0.35374
-0.13962 0.01380 0.26544
0.05679 0.48066 0.08987
0.20290 -0.57535 -0.00563
-0.01199 0.08048 0.21048
0.12983 -0.24826 0.15421
-0.04020 0.49239 -0.40053
-0.04610 -0.15332 0.46728
0.07568 -0.16342 -0.76402
0.01954 0.57014 0.01918
0.17010 -0.64004 -0.33875
-0.13427 0.47572 -0.40292
-0.28153 0.37136 0.43485
-0.02759 0.17836 -0.17231
-0.01224 -0.02915 -0.53441
-0.25575 0.56643 0.36815
-0.21452 0.37564 0.50489
0.07080 -0.27587 0.52311
0.19511 -0.31569 0.49240
0.18892 -0.11059 -0.68784
-0.20038 0.25184 0.11897
0.09727 -0.26080 -0.03851
-0.03840 0.29442 -0.55433
0.04685 -0.15577 0.62876
-0.19771 0.21528 0.17287
0.16864 -0.35636 0.63921
0.10091 -0.29768 0.46074
0.06894 -0.13925 -0.10629
-0.03079 0.05877 0.74309
-0.16540 0.11849 0.50404
0.13993 -0.37106 0.29851
0.12638 -0.02514 -0.30587
0.03464 -0.06196 0.24346
-0.03656 -0.26644 -0.32527
-0.13440 0.28255 0.68928
0.21940 -0.13837 -0.87251
-0.04054 0.60869 -0.42878
0.20061 -0.16723 -0.85819
0.14120 -0.20127 -0.86167
-0.06400 0.14877 0.74323
0.07798 -0.08390 0.77751
0.23375 0.01363 -0.46902
-0.27672 0.41014 0.30398
-0.07776 0.39334 -0.52534
-0.10171 -0.08926 0.10055
-0.07559 0.08061 0.67107
-0.12104 0.35768 -0.35427
0.17143 -0.18457 -0.77702
-0.04241 -0.27552 -0.52233
-0.09792 0.14425 -0.32169
-0.22294 0.26442 0.54801
0.08177 -0.27593 -0.13321
0.08671 -0.21607 -0.45580
-0.03175 0.01260 -0.49336
0.05695 -0.17871 0.65496
0.02147 0.04816 -0.20024
0.02097 -0.21529 -0.67961
0.06944 -0.35886 0.36078
