-0.21904 0.67184 0.45420
-0.07190 -0.91782 -0.38200
0.73375 -0.18726 0.30522
-0.39016 0.09232 -0.41697
0.04700 -0.31157 0.04057
0.43733 0.46154 0.33710
-0.61398 0.55088 -0.03035
-0.03865 0.30069 0.01943
0.44748 -0.65033 -0.12555
-0.28184 -0.43292 -0.51019
-0.47798 0.08038 0.07888
0.30033 0.01068 0.26825
-0.02696 -0.12861 -0.34158
0.05354 -0.72095 -0.04117
0.41890 -0.37792 0.15826
0.15110 0.61634 0.53825
0.03400 -0.49140 -0.33407
-0.27628 0.57179 0.09942
-0.21977 0.38431 -0.27973
-0.58989 -0.28802 -0.58696
0.09279 0.50659 0.23581
-0.20424 0.06096 -0.14402
0.59568 0.09187 0.38384
-0.54059 0.36141 -0.27295
0.06710 0.00283 0.01569
-0.26724 -0.14716 -0.50687
0.23514 -0.39162 -0.16259
0.21026 0.25871 0.17116
-0.78220 0.50991 -0.24478
-0.30748 0.30077 0.08857
0.24039 -0.55940 0.06876
-0.08937 -0.31870 -0.17845
-0.56419 0.30147 -0.02782
0.48689 -0.16260 0.27575
0.22839 -0.22171 0.19791
0.65863 -0.40837 0.22232
-0.50474 0.57258 0.18237
-0.15432 0.09033 -0.37715
-0.04518 -0.70341 -0.26005
0.53359 -0.57713 0.09863
-0.37533 0.21975 -0.16636
-0.13308 0.54478 0.28307
-0.06034 0.22981 -0.19871
-0.02576 -0.50837 -0.06823
-0.10099 -0.32878 -0.42196
0.06140 -0.16205 -0.14240
-0.47918 -0.10298 -0.54019
0.41289 -0.44601 -0.04795
0.29002 0.20963 0.36294
-0.05504 0.56998 0.54991
-0.41578 0.44999 -0.00439
0.24909 0.52632 0.38050
-0.10928 0.46421 0.10196
-0.29276 0.11385 0.02722
-0.12444 -0.11468 -0.17316
-0.40389 -0.28517 -0.53009
-0.21110 0.29635 -0.09968
-0.09539 0.12050 -0.00205
0.08437 -0.31847 -0.25086
0.13332 -0.04917 0.18382
-0.03962 0.04997 -0.23222
-0.20705 -0.08141 -0.33700
0.23971 -0.37748 0.09623
0.44521 0.12451 0.28349
-0.29681 0.23729 -0.35638
-0.00285 -0.84840 -0.15944
0.01069 0.58732 0.38303
0.28050 0.37442 0.28985
-0.15515 0.72299 0.28667
0.07750 0.15777 0.10531
0.27575 -0.71993 0.00304
0.18650 -0.25354 -0.05882
0.06348 0.35314 0.15692
0.70001 -0.04551 0.40471
-0.06884 0.40163 -0.19588
-0.47361 0.25167 0.10912
-0.01038 -0.14826 0.01570
-0.62051 0.42206 -0.13770
0.09891 -0.47381 0.04631
-0.11824 -0.43472 -0.29366
-0.41396 0.37882 -0.15775
-0.25804 -0.29610 -0.42583
-0.35351 0.60526 0.23505
-0.16952 -0.24718 -0.29464
0.05850 -0.37947 -0.10113
0.54027 -0.30872 0.25457
-0.26150 0.00316 -0.45490
0.47807 -0.01873 0.33249
-0.05856 -0.55446 -0.21612
0.37571 0.26306 0.24141
-0.08985 -0.02997 -0.04933
0.37232 -0.60040 -0.00012
-0.46880 0.18123 -0.03622
-0.12492 -0.17899 -0.44814
0.18613 0.11088 0.20234
-0.39144 0.35909 -0.30679
0.08853 -0.19823 0.13202
0.33842 -0.13609 0.26621
-0.24954 0.43010 0.04556
0.00275 0.12503 -0.11258
-0.15275 0.23196 -0.31336
-0.54419 0.41870 0.05316
0.13131 -0.12926 0.00315
-0.25457 0.15075 -0.25037
-0.19748 0.22463 0.02243
-0.17144 0.63072 0.17728
-0.32849 0.75275 0.41625
0.11351 -0.61830 0.03380
0.37819 0.57547 0.40116
0.36278 -0.26592 0.22133
0.60888 -0.11317 0.32427
0.13013 -0.44880 -0.23514
0.53516 -0.45375 0.16419
-0.48890 0.55737 0.04469
-0.16571 -0.45086 -0.43511
-0.02973 -0.26053 -0.06245
-0.02568 -0.65746 -0.13276
0.00511 -0.26151 -0.34440
-0.12483 0.58271 0.41821
-0.51820 0.29442 -0.15484
-0.03776 0.47892 0.21409
-0.10287 -0.04183 -0.41074
-0.32448 0.35423 -0.05947
0.17469 0.40460 0.21008
0.42738 -0.49313 0.07587
-0.02287 -0.79759 -0.35566
-0.37814 0.16284 0.11827
-0.39835 -0.00557 -0.50769
0.30327 0.14721 0.24516
-0.68538 0.53339 -0.16172
-0.03428 -0.60049 -0.33738
-0.01021 -0.04508 -0.15247
-0.19805 0.03006 -0.26735
0.26103 0.61470 0.47074
0.29382 -0.45427 0.01146
0.03420 0.20234 -0.01218
0.13073 0.55872 0.35048
-0.15676 0.34495 0.02106
-0.39123 0.50758 0.10603
-0.51532 0.46104 -0.07940
-0.08647 0.30410 -0.10097
-0.56090 0.18373 0.05128
0.66384 -0.28702 0.24976
0.40228 0.34298 0.34087
-0.30203 0.12964 -0.11290
-0.30078 0.34505 -0.19369
-0.06224 -0.44138 -0.16824
0.14428 -0.31170 0.13362
-0.26915 0.12457 -0.39801
-0.61609 0.45949 -0.25333
-0.49411 -0.35932 -0.56434
-0.23761 -0.18221 -0.39557
0.36421 -0.36691 0.05113
0.24512 -0.09892 0.20239
-0.42006 0.34743 0.06537
0.44014 -0.53103 -0.12521
-0.00118 -0.37989 -0.35037
0.04978 -0.07596 0.10170
-0.05085 -0.87929 -0.27315
-0.49986 -0.21042 -0.58178
0.07610 0.27285 0.07099
0.02719 -0.18669 -0.25096
0.16034 -0.73020 0.00586
0.09667 0.04510 0.12384
0.18009 0.45997 0.31149
-0.25141 0.69792 0.34641
-0.08219 0.14261 -0.29491
0.04268 -0.60060 -0.05776
0.03939 0.62497 0.51170
-0.37388 -0.16504 -0.54599
0.54831 0.07493 0.27209
-0.28980 -0.25771 -0.52924
0.48741 -0.57821 -0.00625
0.05269 -0.83640 -0.06097
0.15404 -0.28610 -0.16254
-0.00010 0.08878 0.04847
-0.20790 0.11682 -0.04606
-0.13865 0.64189 0.53153
-0.19723 0.51937 0.15813
-0.11799 0.31562 -0.24852
0.58499 -0.01897 0.38489
0.30381 -0.28421 0.12891
-0.07148 -0.16160 -0.08847
-0.01358 0.39162 0.08845
-0.51739 0.42393 -0.18561
-0.06462 0.03954 -0.33951
0.32705 0.45775 0.34500
-0.43019 0.29072 -0.22931
0.05951 -0.08168 -0.06266
0.03005 -0.48032 -0.21117
-0.18197 -0.33942 -0.35190
-0.18372 -0.09065 -0.46424
-0.37938 -0.38860 -0.54162
-0.04034 -0.06755 -0.25524
0.59227 -0.20549 0.27376
-0.33178 0.26858 -0.26107
0.26109 -0.29798 -0.12216
0.00647 0.52383 0.29747
-0.40167 0.12743 0.02309
0.38481 -0.04746 0.29475
-0.11666 -0.22033 -0.19698
0.09794 -0.22937 0.00433
-0.25631 0.65034 0.23229
0.03003 -0.41740 -0.01007
0.19612 -0.47017 0.10166
-0.18604 0.62184 0.32549
-0.41485 0.60254 0.13622
-0.09107 0.55983 0.18104
0.20377 0.01038 0.22767
-0.01187 0.22589 -0.10590
0.12335 0.60606 0.44073
-0.10965 0.23166 -0.02829
-0.19832 -0.24132 -0.48870
-0.18344 0.35723 -0.18329
0.01462 0.01112 -0.07202
-0.19572 -0.36480 -0.47880
-0.14435 -0.02028 -0.14148
-0.16638 -0.13877 -0.26619
-0.53821 0.31729 0.07269
-0.33887 -0.08280 -0.48395
0.61142 -0.50318 0.20312
-0.03170 -0.00433 0.02639
0.15970 -0.15076 0.19522
0.20848 -0.64945 0.03544
-0.29375 0.20539 0.06290
-0.03958 -0.37493 -0.09833
0.28100 0.29339 0.23446
0.00346 -0.75339 -0.18324
-0.59152 0.42070 -0.03346
-0.48747 0.48211 0.10692
-0.21497 0.01521 -0.36511
0.46070 -0.25732 0.23556
-0.13375 -0.34184 -0.26104
-0.06073 -0.51169 -0.31033
0.00372 -0.56437 -0.14375
-0.34367 0.43533 0.06281
-0.06309 0.63061 0.47428
0.10652 -0.38209 0.07146
-0.25314 0.34449 0.00391
0.14142 -0.38349 -0.14989
-0.34719 0.15742 -0.35274
0.04312 0.44532 0.17880
-0.16269 -0.04960 -0.23106
0.35067 -0.51646 -0.03699
0.10807 -0.30541 -0.06240
0.24605 0.21653 0.27555
-0.08521 -0.42557 -0.38108
-0.06652 -0.24191 -0.41047
-0.38220 0.16198 -0.07675
0.38419 0.05516 0.26980
-0.04721 0.19353 0.03251
0.13693 -0.04061 0.09110
-0.22680 0.29041 -0.32625
-0.31478 -0.33847 -0.49071
0.16125 0.19188 0.13011
-0.03122 0.14061 -0.21633
-0.57188 0.50594 0.03854
0.13172 -0.18491 -0.08611
0.50131 -0.37950 0.20643
-0.30068 0.34853 -0.31194
0.69657 -0.12454 0.36030
0.14494 0.32018 0.19574
0.64910 0.02370 0.43350
-0.00651 -0.62836 -0.22216
0.29849 -0.63708 0.03645
-0.06451 0.54955 0.35094
-0.59204 0.50589 -0.10501
-0.01573 -0.68965 -0.34370
-0.45105 0.37820 -0.24262
-0.38081 0.25173 0.10887
0.06551 -0.40922 -0.29854
0.05085 -0.52230 -0.01584
0.32608 -0.54104 0.04749
-0.14896 0.05585 -0.07455
-0.26392 -0.08533 -0.42649
-0.20314 0.17804 -0.36268
-0.46487 0.23599 -0.11468
0.31088 -0.18926 0.20104
-0.57860 0.35450 -0.09698
-0.40699 0.38615 -0.07021
-0.12791 0.63387 0.26052
0.12151 -0.12771 0.09018
-0.09894 0.37123 0.08124
0.01088 -0.23308 0.01636
-0.22043 0.51087 0.07159
-0.34808 0.01482 -0.43957
-0.69343 0.49830 -0.24086
0.02571 -0.45539 -0.12784
0.14955 -0.54316 0.05966
0.04035 0.11705 -0.02737
-0.04557 -0.79632 -0.24045
0.52335 -0.09468 0.31434
0.00143 -0.33734 -0.03335
0.35735 0.34418 0.26805
0.07018 -0.23250 -0.19368
-0.30420 0.17701 -0.18657
-0.05815 0.31883 -0.17964
0.26316 0.07388 0.22557
-0.29456 -0.21308 -0.45740
-0.18112 0.40650 0.08935
-0.02206 0.03860 -0.14976
0.40290 -0.18682 0.24688
0.00691 -0.54302 -0.27109
0.33152 -0.42918 -0.05907
-0.32769 0.61064 0.15284
0.57947 -0.38483 0.23582
0.20162 0.58460 0.41714
0.01578 -0.11966 -0.19790
0.53450 0.04016 0.35469
-0.04843 -0.04409 -0.33486
0.22829 -0.31519 0.15004
0.37567 0.16989 0.28541
-0.07014 -0.12507 -0.41223
0.18509 -0.33259 -0.10123
0.11136 -0.79355 -0.02145
-0.22554 0.10288 -0.31118
0.09593 0.41326 0.23355
0.16971 0.01424 0.14572
0.00230 -0.73121 -0.10424
0.22846 0.17826 0.18296
0.16303 -0.23323 0.14770
0.08127 0.09762 0.05012
-0.21096 -0.25398 -0.36731
-0.18230 -0.01438 -0.43367
-0.48571 -0.28157 -0.54165
0.00335 0.30398 0.08905
-0.07421 -0.25087 -0.12945
-0.24024 0.58535 0.17693
-0.30957 0.49631 0.10348
-0.03259 0.45829 0.13618
0.65147 -0.18169 0.32388
-0.42202 0.43564 0.08694
-0.48418 0.49712 -0.00846
-0.53989 0.54521 0.10566
0.42492 -0.58327 -0.06613
-0.23381 0.28579 0.06063
0.31617 -0.06369 0.23991
-0.05295 -0.10050 -0.03256
0.25892 0.46877 0.30016
0.14142 0.28045 0.12643
0.45474 -0.44770 0.14329
-0.16803 0.28570 -0.03313
0.44053 -0.10377 0.30262
-0.52794 0.23121 -0.05238
0.03873 -0.17854 0.07383
0.47230 0.05052 0.28775
-0.12715 0.48934 0.17798
0.09773 -0.26574 0.07948
-0.19028 0.69210 0.22334
-0.08085 0.04348 -0.01207
0.38512 -0.42823 0.10820
-0.24578 0.36056 0.08196
-0.55048 0.35340 -0.19540
0.33818 -0.35743 0.12459
0.44800 -0.51157 -0.01906
0.28003 -0.48728 0.08136
0.50623 -0.50000 0.10789
-0.49171 0.13801 0.02766
0.21572 0.33408 0.24871
-0.00544 0.57841 0.45896
-0.08023 -0.47445 -0.23844
-0.37097 0.37191 -0.23285
-0.22252 0.08515 -0.21824
-0.43478 0.03919 -0.45572
-0.28213 0.32056 -0.11956
0.28971 0.22011 0.21050
0.30397 0.56989 0.42422
0.01686 0.22307 0.07477
-0.39572 -0.07728 -0.53586
0.04142 -0.00034 0.08830
-0.40432 0.09323 0.09826
0.37298 -0.47325 0.02522
-0.19940 -0.16566 -0.33025
-0.47322 0.41117 -0.12159
-0.15972 -0.41821 -0.36522
-0.43968 -0.20637 -0.53489
0.15499 0.11563 0.13279
-0.48497 0.38024 0.08856
-0.35188 0.56991 0.08645
-0.42521 0.51638 0.03572
-0.09992 -0.08923 -0.10583
-0.31158 0.39689 0.00559
-0.13563 0.39060 -0.23180
-0.00397 -0.07401 0.03712
-0.17173 0.61465 0.46877
-0.03652 -0.31482 -0.38507
-0.16269 0.16654 -0.01166
0.42972 -0.31342 0.19495
0.56535 -0.52860 0.14616
-0.09776 -0.39759 -0.22616
0.12945 -0.37172 -0.22454
-0.05726 0.53630 0.26085
-0.07533 -0.84997 -0.33712
0.35927 0.41321 0.29513
-0.60478 0.48090 -0.18001
0.10896 -0.05924 0.02505
-0.23600 -0.43383 -0.45114
0.11723 0.49882 0.30739
-0.36059 -0.22830 -0.51012
0.32651 0.53039 0.35868
-0.30368 0.09922 -0.04426
-0.11317 0.27896 0.02817
-0.20018 -0.16772 -0.48424
0.23675 0.25571 0.34137
-0.05618 -0.51845 -0.15194
0.11076 -0.67754 -0.00974
0.46740 -0.55267 0.05974
-0.16803 0.56402 0.22134
-0.17434 0.63851 0.39608
-0.23428 0.06257 -0.41782
-0.48455 0.59666 0.11398
-0.28668 0.21220 -0.28850
0.07114 -0.41801 -0.17113
0.04450 -0.33380 -0.31721
-0.34520 0.35896 0.06622
-0.03780 0.24205 -0.03131
0.09998 -0.11652 0.15848
-0.13294 -0.25088 -0.45070
-0.01253 -0.43512 -0.06872
0.28694 -0.26363 0.20178
0.29434 -0.38320 0.04399
-0.10153 0.23009 -0.25781
0.08036 0.56052 0.40190
-0.55052 0.24743 0.08452
-0.01228 -0.75536 -0.29733
-0.13073 0.02315 -0.39766
0.16526 -0.38532 0.11248
0.07724 -0.47612 -0.27572
-0.24047 -0.31563 -0.50522
-0.28495 0.69723 0.42759
-0.23679 0.15637 0.01496
0.08561 0.61184 0.56595
-0.32407 0.07314 -0.39947
-0.10922 0.36049 -0.15355
-0.05502 0.60417 0.40337
0.40348 -0.47145 -0.11430
-0.54721 0.51383 -0.04464
0.08236 0.20392 0.05207
0.03551 -0.24964 -0.28182
-0.02922 -0.45520 -0.35004
-0.14971 0.56952 0.14337
-0.11137 0.58396 0.49534
0.02850 -0.10146 -0.12910
-0.65265 0.53975 -0.09657
-0.35527 0.50225 0.04627
-0.56443 0.36687 0.01109
0.63599 -0.06653 0.38402
0.23234 0.40607 0.25059
0.20803 -0.25304 -0.12528
-0.21073 -0.36580 -0.41098
-0.44955 0.53373 0.13373
-0.01981 -0.57672 -0.07809
-0.46059 -0.03539 -0.51388
-0.13513 -0.27561 -0.24081
-0.00982 -0.19557 -0.35937
0.31328 0.19843 0.29425
0.53427 -0.23903 0.25655
0.02620 -0.79112 -0.12892
0.06930 0.54910 0.31046
0.36946 -0.39893 -0.00970
-0.04774 -0.00167 -0.27675
0.54566 -0.16237 0.31118
0.16092 0.46400 0.24577
0.02103 0.15530 0.06521
0.19483 -0.43051 -0.20210
0.25807 -0.03043 0.21863
0.01402 -0.66254 -0.06364
-0.33329 -0.16612 -0.48882
0.40958 0.52136 0.35552
-0.12618 -0.39230 -0.42625
0.02879 0.48409 0.24410
-0.04998 -0.62550 -0.27586
0.23524 0.15181 0.24587
-0.13575 0.57236 0.35172
0.68425 -0.22463 0.27698
-0.42035 0.57207 0.07555
-0.17771 0.33126 -0.28722
-0.13579 0.16556 -0.33008
-0.34235 0.34748 -0.13983
-0.17725 0.00869 -0.19356
-0.26369 -0.37240 -0.46033
0.36754 -0.29789 0.16162
0.60646 -0.32636 0.25731
-0.55176 0.46026 -0.13665
-0.03432 -0.18800 -0.03826
0.38861 0.28584 0.30718
0.31892 0.08519 0.26729
-0.67014 0.46421 -0.18395
-0.56820 -0.35195 -0.58436
0.10203 0.22073 0.11533
0.12207 -0.23019 -0.13497
-0.27237 0.17384 -0.35230
-0.27430 -0.06354 -0.48923
0.24064 -0.16208 0.22601
-0.20639 0.67308 0.28740
0.18278 0.61517 0.47349
-0.45715 0.43061 -0.05986
-0.03860 -0.68323 -0.19696
-0.18191 0.46544 0.12024
0.18832 -0.05975 0.21973
0.18272 0.52369 0.37675
0.10889 -0.17919 0.04599
-0.01669 -0.12694 -0.27211
0.03607 0.05064 -0.02375
-0.25219 0.46410 0.10814
-0.42703 0.20889 0.12835
-0.01371 0.17710 -0.15024
-0.24576 0.11069 -0.15637
-0.59483 0.40618 -0.22093
-0.09894 -0.17839 -0.14944
-0.35670 -0.32726 -0.54890
0.13894 -0.44068 0.08655
0.15286 -0.20357 -0.02678
-0.01652 0.62306 0.54834
-0.27961 -0.15144 -0.44093
0.25075 -0.43357 0.05802
-0.00988 -0.53726 -0.34989
-0.34113 0.14198 0.06090
-0.03585 -0.00696 -0.20055
-0.48716 0.32222 -0.23182
-0.14967 -0.20252 -0.25157
-0.05386 -0.31223 -0.10860
-0.54318 -0.25455 -0.55593
-0.56520 0.25832 0.02207
0.07852 -0.58070 -0.00607
-0.16625 -0.30837 -0.46566
0.00695 0.39527 0.15901
-0.27504 0.36910 -0.24974
-0.46017 0.34061 -0.29442
-0.12239 -0.10909 -0.44657
0.04250 0.36067 0.09588
-0.42308 -0.13514 -0.51710
0.01832 0.17973 -0.07283
-0.53985 0.28213 -0.09559
0.29047 -0.33094 0.08690
0.08569 -0.01779 0.13139
-0.18798 0.62293 0.23878
0.40836 -0.42498 0.04854
-0.26054 0.31759 -0.05373
-0.19681 -0.02637 -0.30603
0.10006 -0.25978 0.14503
-0.09026 0.34291 0.02456
-0.07233 0.50691 0.14816
-0.55455 0.57056 0.04902
0.57592 -0.44447 0.21357
0.13650 0.36398 0.24129
-0.50296 -0.16203 -0.53769
0.05757 0.58703 0.46196
-0.46691 0.31407 0.09260
-0.43263 -0.35380 -0.54152
-0.43106 0.25343 -0.16566
0.42680 0.40057 0.35106
-0.19001 0.68318 0.35127
0.05906 -0.77400 -0.07490
0.42141 -0.59354 -0.13420
-0.04408 -0.61232 -0.17254
0.09678 -0.13176 -0.07016
-0.04504 0.34062 0.06814
-0.05128 0.07588 -0.29007
0.05827 -0.31251 -0.02364
-0.14855 0.09054 -0.02232
-0.60881 0.48088 -0.03649
-0.54163 0.42137 -0.25031
-0.32653 -0.01599 -0.48967
0.17800 -0.59888 0.06255
-0.23949 0.33261 -0.17015
0.11074 0.39150 0.17129
0.56746 -0.07716 0.35496
0.58636 0.07862 0.32360
-0.39185 0.58146 0.19023
-0.23023 -0.04261 -0.38284
0.01808 -0.61791 -0.11345
-0.36704 0.39524 -0.02363
-0.07458 -0.38062 -0.16831
0.61531 -0.26240 0.28175
-0.14779 0.30464 -0.10926
-0.23515 -0.11681 -0.38174
0.48059 -0.31863 0.22951
-0.53112 0.19149 -0.00220
0.05215 -0.37136 0.02651
0.42099 0.02300 0.30766
-0.21747 0.55681 0.11383
0.27833 -0.11018 0.25303
0.09306 0.03552 0.06060
-0.29028 0.60390 0.21111
-0.31098 -0.19896 -0.53537
-0.34671 0.11185 -0.00265
-0.06094 -0.80239 -0.30149
-0.09870 0.58359 0.24157
0.37283 0.11449 0.25967
0.16555 0.05434 0.19168
0.30435 0.34979 0.23711
-0.23581 0.23696 -0.35512
-0.07932 0.63048 0.53887
0.27263 -0.58123 0.02202
-0.03585 -0.85439 -0.21982
0.10346 -0.28562 -0.19611
0.01177 0.26972 0.03268
-0.04251 0.12658 0.02737
0.61564 0.03230 0.37546
-0.28056 0.48421 0.05183
-0.09200 -0.46809 -0.33870
-0.04071 0.26841 -0.15130
-0.09659 0.09072 -0.34128
0.39577 -0.11829 0.26009
0.11884 0.33588 0.14048
-0.06658 -0.36686 -0.38938
0.01741 -0.04852 -0.09000
-0.38023 0.25690 -0.21342
0.14634 0.55631 0.41596
0.16191 0.40883 0.27227
-0.73553 0.51996 -0.20383
-0.29272 0.41526 0.08744
-0.28565 0.27057 -0.30770
0.06508 -0.13322 0.11111
0.39765 -0.54782 -0.01689
-0.21071 0.11695 -0.38722
0.22651 -0.49141 0.05462
0.00800 0.07519 -0.07993
-0.32293 0.22283 -0.22359
-0.33956 0.38379 -0.28227
-0.37920 0.31349 -0.27030
-0.65399 0.48594 -0.12231
0.26117 0.17738 0.32190
0.08857 -0.32384 0.08924
0.06086 -0.64019 -0.01733
-0.05006 -0.17997 -0.40168
0.00271 -0.17709 -0.30419
-0.10531 0.51455 0.23372
0.09657 -0.53920 0.03218
0.35857 0.00073 0.26378
0.11921 -0.35007 -0.10634
0.04626 -0.02458 -0.03244
-0.22744 0.10153 -0.09962
0.34417 -0.21436 0.24307
0.32141 -0.68273 0.00583
-0.21238 0.38221 0.03847
0.16076 -0.33968 -0.18618
-0.06768 0.17870 -0.25064
0.06557 0.15738 0.02011
-0.17657 0.29151 0.03571
0.15563 -0.09843 0.15264
0.12209 0.45542 0.20202
-0.39111 0.39569 0.04866
-0.25932 0.51991 0.13189
0.10333 -0.73563 -0.00678
-0.01683 0.10224 -0.16292
-0.30486 -0.26877 -0.47217
0.04425 -0.24442 0.06912
0.17895 0.51879 0.31859
0.01038 -0.50801 -0.15778
-0.16726 -0.30468 -0.30478
0.53630 -0.01468 0.33031
-0.05138 -0.04721 -0.00797
0.24465 -0.25383 0.15200
-0.24706 -0.21568 -0.50792
-0.46263 0.39332 -0.18753
0.38046 0.47487 0.32913
-0.24578 0.66782 0.39616
0.32261 0.27052 0.20082
-0.53141 0.53686 0.00631
0.02556 -0.47756 -0.05776
0.27943 -0.51854 0.02139
-0.13346 0.51487 0.11647
-0.37889 0.30900 0.07888
-0.41414 0.20811 -0.11654
0.14388 -0.16358 0.14103
-0.57345 0.45001 0.01434
-0.33674 0.17282 -0.13902
-0.33995 0.20163 0.09895
-0.06557 0.57346 0.45113
0.19810 0.34234 0.19153
-0.06187 0.42243 0.09537
-0.22684 -0.04335 -0.46353
0.02531 -0.54376 -0.06426
-0.11931 0.61783 0.20032
-0.58335 0.37987 -0.14922
-0.02568 -0.80270 -0.18665
0.22662 0.22739 0.22277
-0.12814 -0.16448 -0.20187
0.01936 -0.43085 -0.33232
-0.05932 -0.86227 -0.39057
-0.27388 -0.37237 -0.51653
0.14971 -0.67397 0.03188
-0.06598 0.24784 0.03598
-0.45058 -0.15849 -0.56389
-0.04106 -0.45489 -0.11707
0.07335 -0.42347 0.03544
-0.22374 0.36572 -0.22259
0.21117 -0.30081 -0.15605
-0.00246 -0.57621 -0.19975
-0.11578 0.63092 0.44691
-0.32874 -0.40084 -0.50925
0.04246 -0.37486 -0.04563
-0.15318 0.66423 0.30520
0.43210 -0.47012 0.01630
-0.61441 0.44639 -0.08119
0.07265 0.30198 0.11952
0.00178 0.57876 0.51517
0.34982 -0.42420 0.04125
-0.23472 -0.10660 -0.48470
0.44938 -0.21626 0.27260
0.22612 0.48161 0.34418
-0.02293 -0.71349 -0.15209
0.05267 -0.46851 0.00066
-0.20037 0.45243 0.06140
-0.04992 -0.57057 -0.29238
0.01042 -0.28717 -0.00851
-0.20697 0.72484 0.31756
-0.29824 0.04895 -0.44310
-0.04683 -0.08437 -0.38143
-0.33457 -0.12174 -0.52410
-0.53042 0.12723 0.06674
-0.27397 0.73567 0.38831
-0.51456 0.28892 0.11781
-0.24446 0.34044 -0.30858
0.02134 0.54406 0.34742
-0.12167 0.27321 -0.07051
0.39180 -0.37283 0.10952
0.43483 -0.49238 -0.07315
-0.16751 0.02557 -0.11973
0.46731 -0.61356 -0.04651
0.10815 0.59784 0.50813
-0.01193 -0.74887 -0.24210
0.44107 -0.04942 0.29129
-0.53242 -0.29978 -0.58616
0.33292 -0.23720 0.18409
0.28375 0.42575 0.26937
-0.20715 0.04773 -0.32101
-0.34665 -0.28721 -0.51206
0.21154 -0.16441 0.17925
0.32846 0.29683 0.26219
0.04461 -0.17647 -0.19974
-0.43617 -0.25711 -0.56472
-0.41481 0.15112 -0.02474
-0.08430 0.00207 -0.37722
-0.21971 -0.30825 -0.38854
0.16055 0.23754 0.16190
-0.04330 0.06726 0.02259
0.13478 0.01357 0.10037
-0.33391 0.12692 -0.39622
-0.00992 -0.66611 -0.27896
0.20391 0.29252 0.21362
-0.09042 0.56987 0.30622
-0.14799 -0.05671 -0.43764
0.37376 -0.42905 -0.09709
0.11537 0.11017 0.09568
-0.47469 0.29200 -0.18759
0.26971 0.26677 0.18830
-0.01445 -0.74264 -0.35536
-0.05798 -0.89937 -0.32304
0.04905 0.05983 0.08081
-0.13970 0.66597 0.21852
0.02953 -0.12361 0.07141
-0.14386 -0.37268 -0.30438
-0.17591 -0.08576 -0.27156
0.40912 -0.23831 0.22573
0.21890 0.06153 0.19664
-0.22322 0.64227 0.18746
0.65038 -0.35799 0.23997
-0.14733 0.28665 -0.28707
0.19732 -0.12184 0.22083
-0.11081 0.17992 -0.00664
0.01930 -0.84093 -0.11000
0.19494 -0.52590 0.08260
0.05865 0.39351 0.19194
-0.52940 0.46523 0.07539
-0.13681 0.60941 0.30818
-0.25930 -0.23488 -0.42336
0.43456 -0.15778 0.28649
-0.37521 -0.03966 -0.47337
0.66227 -0.00957 0.39258
-0.57827 0.35993 -0.04380
0.48696 -0.41050 0.16403
-0.20494 0.33354 0.06066
0.25015 0.56512 0.42761
0.12806 -0.25617 -0.03054
0.32953 -0.56866 0.00066
-0.38445 0.05632 -0.45918
-0.13019 0.41502 0.07629
0.18299 -0.28074 0.16107
0.15929 -0.00277 0.19498
0.29086 -0.14054 0.20811
-0.45782 0.58017 0.15868
0.14287 -0.49231 0.07264
0.04355 0.53389 0.26111
-0.47299 0.43137 0.10324
-0.18774 -0.41798 -0.47020
0.24428 -0.61302 0.05335
0.13669 -0.42365 -0.18912
0.60588 -0.16100 0.29871
0.42060 -0.52225 0.02473
-0.00775 0.44118 0.19272
0.19105 -0.38090 -0.13233
0.26289 -0.66328 0.00783
-0.00744 0.03665 0.04898
0.38514 -0.50786 -0.08092
-0.46253 -0.31858 -0.57484
0.52190 0.07808 0.31737
0.22610 0.42781 0.30122
0.00707 -0.32156 -0.35192
-0.39417 0.12535 -0.37638
-0.36735 0.45715 0.02137
-0.01391 0.62716 0.49222
-0.23468 -0.40595 -0.49536
-0.08255 0.45507 0.15127
-0.30016 -0.03417 -0.44836
-0.17953 0.03512 -0.41205
0.00159 0.32636 0.04071
0.10021 -0.39078 -0.26342
-0.29289 0.57198 0.15756
-0.11888 -0.03565 -0.09857
-0.25593 0.11051 -0.02649
0.42563 0.17133 0.30040
-0.18980 0.65514 0.49619
0.23919 0.11495 0.20423
-0.49835 0.39906 -0.23173
0.09159 -0.08070 -0.01913
-0.42744 0.27211 0.09640
-0.04805 0.11940 -0.26079
-0.33726 0.13341 -0.06456
0.01251 -0.51124 -0.10588
0.20627 -0.41699 0.09083
0.25058 0.01658 0.24952
-0.00684 -0.59647 -0.27449
0.72753 -0.08306 0.36460
0.06164 -0.26155 -0.23584
-0.32343 0.24953 0.08818
-0.21375 0.31494 -0.01215
0.06357 0.05881 0.02078
0.31452 -0.30197 0.17631
-0.25655 0.16305 -0.30425
0.31897 -0.40740 -0.00285
-0.15205 0.24396 -0.00151
-0.11247 0.19528 -0.29434
-0.64411 0.49026 -0.22001
-0.39529 -0.22205 -0.55581
-0.01396 0.51492 0.24293
0.12655 0.17128 0.09734
-0.10899 0.02159 -0.04917
-0.25504 0.23871 0.05743
0.18968 0.15510 0.15851
0.07347 0.45878 0.24392
-0.20699 0.06834 -0.37110
0.07049 -0.33928 -0.07094
-0.30196 -0.30749 -0.53113
0.63561 -0.45994 0.21622
0.32500 -0.48982 0.04734
0.07114 -0.26984 0.02070
0.29810 0.49749 0.33071
-0.11735 0.59323 0.54522
0.57567 -0.48488 0.17046
0.21642 -0.28858 -0.08083
-0.39593 0.55602 0.12752
-0.02758 -0.26282 -0.38348
0.08474 -0.07194 0.13904
-0.44768 0.19994 -0.07865
0.35670 0.36643 0.31507
0.34688 -0.39705 0.09382
0.41274 0.09069 0.30312
-0.05171 0.27350 -0.08020
-0.36673 0.36270 -0.09032
-0.55885 0.31857 0.02562
-0.16600 0.58609 0.26697
0.15598 -0.05009 0.13729
0.30052 -0.43970 0.06559
0.00511 -0.02191 0.05651
0.25503 0.36250 0.23400
-0.12585 -0.44518 -0.40432
-0.04518 0.31599 -0.13077
0.27352 0.23131 0.31544
0.14316 -0.10253 0.20151
-0.03869 -0.08750 -0.30161
-0.02140 0.56394 0.32896
0.08123 -0.44349 -0.21346
-0.55354 0.33788 -0.14755
0.26663 0.11368 0.25629
-0.01549 -0.07590 -0.19199
0.08429 0.53762 0.35718
-0.30759 -0.11855 -0.46730
-0.17800 0.37148 -0.25482
-0.08678 0.34425 -0.22139
0.51409 -0.58275 0.05261
0.10714 -0.21542 0.08858
0.65834 -0.09897 0.34001
-0.04305 -0.65737 -0.31654
-0.41741 -0.06047 -0.49376
0.03348 -0.49985 -0.26887
-0.00668 -0.00006 -0.12163
-0.29524 0.35312 0.08640
-0.63956 0.43727 -0.21314
-0.05583 0.52338 0.19963
-0.00533 0.34772 0.11193
0.44248 -0.44729 0.09478
-0.21654 0.07654 -0.26819
-0.16859 -0.20519 -0.47137
-0.14708 -0.10860 -0.21720
0.33456 -0.63299 -0.00021
-0.15415 0.33917 -0.14467
0.26963 0.17455 0.21302
-0.03767 0.39893 0.13206
-0.36214 -0.25946 -0.55044
0.00300 0.22247 -0.05233
0.19136 -0.33898 0.12676
-0.43782 0.49081 0.11008
-0.05312 -0.22243 -0.08400
-0.04288 -0.55565 -0.12192
-0.13079 -0.06917 -0.15445
-0.33211 0.31907 -0.28747
-0.10531 -0.26766 -0.18791
0.73280 -0.14130 0.33109
0.57935 -0.27280 0.24947
0.17221 -0.21291 -0.09049
-0.73991 0.48177 -0.23804
-0.00790 -0.38853 -0.05294
0.02252 -0.67446 -0.11081
-0.17618 0.50648 0.09319
0.26311 -0.17815 0.18511
-0.16176 0.36663 0.06510
-0.09843 -0.27634 -0.42561
0.03706 0.60332 0.56757
0.32786 0.38370 0.26891
-0.35897 0.47446 0.08893
-0.28836 0.18929 -0.24492
0.14597 0.06776 0.12555
0.05515 -0.23553 0.11624
0.40071 0.42914 0.32078
0.43996 -0.58660 -0.01583
-0.09923 -0.13432 -0.12529
-0.38716 0.53731 0.05886
0.35153 -0.47598 -0.06489
-0.43377 0.09936 0.05957
0.05951 0.20282 0.09539
0.36254 -0.09103 0.28358
-0.05262 -0.40835 -0.13339
-0.04187 -0.72145 -0.31663
-0.44669 0.00762 -0.49118
0.12602 0.45934 0.27977
0.29057 0.23234 0.26289
0.56185 -0.12206 0.33422
0.54732 -0.20831 0.29276
-0.59675 0.54170 0.01439
0.51283 -0.53776 0.07767
0.30387 -0.17575 0.24740
-0.32264 0.36408 -0.23293
-0.07818 0.26456 -0.01082
-0.20014 0.59485 0.15086
-0.24301 0.00518 -0.40988
0.12351 0.00979 0.16044
-0.14894 -0.35722 -0.45117
-0.19979 0.32229 -0.14354
0.52422 -0.33701 0.21824
0.61727 0.06045 0.41509
-0.04983 0.57038 0.49703
-0.29770 0.35232 -0.01898
0.37517 -0.35214 0.15560
0.52130 -0.50296 0.15390
0.18476 -0.20529 0.18458
0.31382 0.41497 0.31190
-0.17022 0.13448 -0.36518
0.05275 0.11790 0.08358
0.28675 -0.22036 0.17287
0.13524 -0.34704 0.10182
-0.00732 -0.69977 -0.23014
-0.26898 0.38304 -0.29990
0.46822 -0.51456 0.02840
-0.38064 -0.10832 -0.50202
0.29024 0.15229 0.29257
-0.10457 -0.35106 -0.21507
-0.29578 0.54014 0.06863
0.02951 0.60347 0.42442
0.05054 0.31301 0.06312
-0.25997 0.13986 -0.19205
0.45929 -0.60523 -0.09326
-0.64351 0.50884 -0.17389
0.01016 -0.52800 -0.22547
0.17966 0.29479 0.16226
-0.03300 -0.84320 -0.29948
0.45830 -0.36343 0.19207
-0.52936 0.37563 0.07062
-0.07591 0.27520 -0.20189
0.19306 0.20979 0.19053
-0.32039 0.19331 -0.36993
-0.05012 0.52745 0.30745
-0.29493 0.16080 0.04527
-0.17481 -0.17913 -0.29135
-0.03060 0.56260 0.38220
0.27426 -0.21161 0.22236
-0.50806 0.53832 0.14075
-0.03740 0.18808 -0.19391
-0.36576 0.10255 0.04957
-0.23732 0.42031 0.09590
0.33921 -0.04782 0.27870
-0.34917 0.35267 -0.18683
-0.16234 0.52648 0.19235
0.34242 -0.33658 0.08191
0.27192 -0.41332 0.09564
-0.00087 -0.63159 -0.16678
0.31146 -0.49674 -0.00635
0.04357 0.22207 0.03122
-0.08819 -0.47294 -0.28533
-0.13420 0.01099 -0.08810
-0.59496 0.40298 -0.08113
0.24275 -0.45574 0.09931
0.46276 -0.51842 0.09507
-0.08811 0.59198 0.37155
0.15681 0.37073 0.18200
-0.01433 -0.62823 -0.08012
0.09581 -0.38894 -0.13801
0.69078 -0.15521 0.31408
0.12972 -0.08243 0.06082
0.49496 -0.20810 0.26241
-0.19115 -0.22102 -0.32774
0.04736 0.39445 0.13425
-0.30374 0.43588 0.03131
0.24967 0.31825 0.20915
-0.18457 0.08155 -0.09216
-0.39090 0.00247 -0.45546
-0.35056 -0.35908 -0.51378
0.48334 -0.12226 0.31052
-0.20004 0.63274 0.43549
-0.49473 0.37053 -0.28233
-0.63245 0.49404 -0.07526
0.26442 -0.34122 0.12491
-0.19630 0.25520 -0.33385
0.33447 0.04153 0.27872
0.32056 -0.59298 0.04005
-0.49268 -0.22869 -0.53891
-0.06669 -0.50859 -0.20888
-0.43342 -0.10197 -0.55135
0.15172 0.50221 0.27557
0.49254 0.04462 0.33249
-0.24487 0.12918 -0.35736
0.49905 -0.46175 0.13522
-0.02477 -0.30711 -0.06574
0.54010 -0.41452 0.20857
-0.24357 0.19909 0.03510
0.28088 -0.53576 0.06952
-0.06712 -0.51554 -0.25683
-0.52424 0.58591 0.08843
-0.08445 -0.20151 -0.42594
-0.27794 0.07782 -0.39292
0.57056 0.04003 0.38536
0.23514 -0.33666 -0.11767
0.18613 0.08663 0.16233
0.61411 -0.41296 0.20877
0.46012 -0.55847 -0.04800
0.09810 -0.00976 0.05032
-0.31964 0.54915 0.11310
-0.28739 -0.31108 -0.46295
0.57244 -0.33960 0.22689
0.20209 0.45372 0.27083
-0.11288 0.05761 -0.37187
-0.02347 0.24620 0.05499
0.28766 0.55237 0.38022
0.47885 -0.07627 0.30502
-0.14915 0.70482 0.24232
0.18143 0.36893 0.25866
-0.56330 0.31929 -0.07083
-0.26433 0.31624 0.07789
0.51851 -0.05528 0.34413
-0.12123 0.27899 -0.02448
0.27116 -0.05837 0.25323
0.49742 -0.28229 0.25272
-0.59028 0.52767 -0.06423
-0.05016 -0.60202 -0.21716
-0.02938 0.09509 -0.20892
-0.05295 -0.14336 -0.04964
-0.28906 0.14441 -0.15460
0.33431 0.56636 0.38971
-0.27272 0.09821 -0.09172
-0.26375 0.38638 0.01986
-0.15515 0.59660 0.38574
0.03786 -0.70972 -0.08442
0.07566 -0.04073 -0.00073
0.05141 -0.29248 -0.28693
-0.01067 -0.76006 -0.13759
-0.21207 0.64502 0.36428
-0.43133 0.39088 -0.10889
-0.02769 0.61851 0.44762
0.14099 -0.16018 -0.03604
-0.34113 0.06532 -0.44209
0.49905 0.08630 0.27724
0.12724 -0.20671 0.15858
-0.08559 0.48679 0.19714
0.01361 -0.22035 -0.31465
-0.18889 -0.40448 -0.39982
-0.35496 0.40690 0.02301
-0.19987 0.55886 0.18102
-0.05564 0.38508 0.06792
0.09791 -0.19355 -0.12252
0.06979 -0.67764 -0.04180
-0.06489 0.36997 -0.15865
-0.03625 0.22227 -0.16075
-0.19402 -0.29576 -0.34677
0.01386 -0.14617 -0.23513
0.35300 0.49247 0.36082
-0.35941 0.01953 -0.48345
0.05978 -0.12140 -0.10287
-0.08525 -0.08329 -0.42137
-0.48273 -0.25291 -0.57668
0.03121 -0.42448 -0.06318
0.35067 -0.17231 0.22738
-0.56487 0.37635 -0.23770
0.19990 -0.02786 0.18969
-0.18180 -0.00382 -0.24206
-0.55310 0.44219 -0.20658
0.68464 -0.06371 0.36625
-0.40455 0.37679 -0.26731
-0.55378 0.48386 -0.09552
0.04963 -0.41713 -0.12904
0.42486 -0.40992 0.11920
-0.08261 0.21244 0.00680
-0.27516 0.61284 0.16450
0.00685 0.44088 0.14915
-0.50145 0.26112 -0.12219
-0.10327 0.64083 0.49160
-0.04417 -0.65434 -0.23091
0.03828 0.16160 -0.03276
-0.34026 0.62553 0.19722
0.11760 0.14154 0.12978
-0.00738 0.23938 0.00575
0.23172 -0.07262 0.23750
0.39306 -0.46350 0.06541
0.31787 -0.11251 0.23227
-0.04977 -0.76792 -0.32769
0.16307 0.57656 0.45212
-0.40480 -0.31653 -0.56192
-0.15620 -0.02980 -0.18514
-0.21412 -0.19690 -0.36057
0.34959 0.15187 0.25238
0.12709 -0.58145 0.05524
0.56037 0.07774 0.35984
0.11057 0.34847 0.19305
-0.03451 -0.73693 -0.19983
0.17854 -0.33306 -0.14585
0.37318 0.54429 0.36716
-0.21460 0.30014 -0.05414
0.08993 -0.27662 -0.02003
-0.41317 0.37441 -0.21889
0.57339 -0.24440 0.28424
0.30557 -0.32929 0.13692
0.02920 0.26448 0.08527
-0.30217 0.14307 -0.36417
-0.35891 0.57942 0.13507
-0.70439 0.49276 -0.18757
-0.52812 0.33997 -0.23610
-0.21731 0.49137 0.13010
0.41396 -0.55190 -0.09558
0.05236 0.57855 0.37049
0.09591 0.52741 0.28100
0.27112 -0.30685 0.15802
0.06814 -0.46647 -0.31804
-0.05223 -0.55836 -0.17080
-0.44237 0.13724 0.00859
-0.29934 0.20053 -0.32929
-0.02082 -0.79828 -0.27706
-0.50300 0.34034 0.09483
0.69147 -0.19941 0.31546
-0.19125 -0.11305 -0.31046
-0.01331 -0.10669 -0.23297
0.06950 -0.35942 -0.29135
-0.04934 -0.75148 -0.27364
-0.17301 -0.13277 -0.47204
-0.00924 -0.19800 -0.00135
0.60232 -0.04627 0.35487
0.20954 -0.38084 0.12824
0.01363 0.48314 0.20271
-0.62510 0.51770 -0.13232
-0.55678 0.24070 -0.02043
0.30706 0.45795 0.30489
-0.33730 0.58246 0.18533
0.21737 0.53510 0.35125
0.16539 -0.30277 -0.07554
-0.14528 0.43988 0.10927
0.19275 -0.69033 0.03873
0.11979 0.58000 0.38728
-0.13292 0.37554 -0.18722
-0.11166 0.27231 -0.25060
-0.44380 0.48628 0.00998
0.46051 0.08915 0.30450
-0.24696 -0.33693 -0.43686
-0.10186 -0.43195 -0.25323
0.52753 -0.54712 0.13458
-0.29626 -0.39325 -0.48113
-0.03370 -0.61504 -0.12648
-0.20132 0.60643 0.19920
0.40956 -0.43538 0.00265
0.25635 0.51524 0.33898
-0.14824 0.64985 0.47918
-0.67450 0.45823 -0.22857
0.28813 0.03869 0.23719
-0.21075 -0.28265 -0.49452
0.41394 -0.08187 0.27555
0.07988 0.61913 0.48280
0.64546 -0.13921 0.31672
-0.58017 0.43549 -0.26461
-0.21261 -0.02423 -0.34701
0.17686 0.56636 0.38253
-0.04315 -0.02538 -0.24066
0.11746 0.25755 0.09829
-0.37304 0.18720 -0.12009
-0.26239 -0.03651 -0.42716
0.36622 -0.53367 0.00942
0.33973 -0.31031 0.11629
0.07153 -0.79467 -0.03894
0.02866 -0.80266 -0.08630
0.04279 -0.45312 -0.18003
0.08937 -0.23572 0.04947
0.19270 -0.41407 -0.16214
-0.44160 0.39784 0.07924
-0.27512 0.27309 0.07422
0.12569 -0.13114 0.04732
-0.08135 -0.44242 -0.20948
-0.06882 -0.00781 -0.01095
-0.17961 0.21067 -0.33962
-0.46563 -0.14115 -0.52123
-0.41969 -0.03887 -0.53104
0.18414 -0.07417 0.17929
-0.12152 0.05733 -0.02739
0.09934 0.15494 0.06818
-0.40449 0.41466 -0.03244
-0.08310 -0.07066 -0.06182
0.02378 -0.36982 -0.00713
0.37033 -0.16676 0.26671
-0.52696 0.50332 0.09533
-0.03509 -0.21964 -0.39122
-0.24597 0.58696 0.13429
0.37519 0.30209 0.25957
0.16229 -0.63286 0.03259
0.13602 -0.08278 0.10333
0.21481 0.37450 0.22483
-0.48042 0.46759 -0.03939
0.14911 0.23579 0.12062
-0.16505 0.27889 -0.07534
-0.17109 0.61993 0.51190
-0.07657 -0.29304 -0.14663
0.08249 0.08276 0.09658
-0.14799 0.61985 0.34817
-0.07603 0.30251 0.04022
-0.07514 -0.11882 -0.07680
-0.35050 -0.05185 -0.51112
0.12990 -0.17387 0.00909
0.31487 -0.24041 0.22440
-0.05368 -0.82697 -0.36706
-0.30325 0.01458 -0.46789
-0.05937 -0.35830 -0.13228
-0.56204 -0.31199 -0.55798
0.42259 -0.27855 0.23012
0.07844 0.34808 0.11729
0.23096 0.37147 0.27545
-0.24923 0.54268 0.08407
0.39434 -0.28976 0.19460
-0.44510 -0.31022 -0.53694
-0.03821 0.49150 0.16836
0.24091 -0.51824 0.08429
-0.07576 0.16252 0.00998
0.07560 0.59890 0.41954
-0.39026 -0.12115 -0.54137
-0.07915 -0.19641 -0.11644
0.09949 -0.43321 -0.26009
0.07862 -0.35266 0.05396
0.22995 0.56611 0.39028
0.14700 0.62175 0.49635
-0.36902 0.60793 0.16480
-0.11085 0.54373 0.14720
-0.31410 0.33917 -0.09894
0.22223 0.58204 0.45458
-0.35165 -0.20392 -0.54603
0.31429 0.19966 0.25019
-0.41441 0.05555 -0.42242
-0.06809 -0.04788 -0.38420
-0.08465 0.26076 -0.05422
0.46107 0.00398 0.30113
-0.26282 0.35363 -0.21191
0.38346 -0.41572 -0.04600
-0.01499 0.17014 0.04661
0.36227 0.31876 0.30469
-0.29638 0.63614 0.23770
0.61150 0.01685 0.41452
-0.00895 -0.70723 -0.29450
0.51556 0.04764 0.28896
0.31963 -0.45141 -0.02535
0.03286 -0.04159 0.08129
-0.23352 0.54244 0.15629
0.11371 -0.43219 0.05400
-0.51789 0.44010 -0.12206
0.65999 -0.25865 0.28135
-0.19144 0.63144 0.28497
0.25976 -0.47015 0.03950
0.50302 0.00820 0.31217
-0.00651 0.07705 -0.11919
0.00068 -0.67340 -0.16460
-0.45641 -0.21767 -0.57160
-0.02965 -0.40916 -0.35974
0.09510 -0.29433 0.11825
-0.22816 -0.38804 -0.44458
0.57232 -0.00252 0.34790
-0.11776 -0.31240 -0.22409
-0.44791 0.55101 0.05000
-0.08528 -0.88240 -0.36432
0.45759 -0.57028 0.02192
-0.55321 0.27234 -0.05726
-0.24961 -0.45750 -0.48273
-0.12291 0.58512 0.17158
0.39568 0.38772 0.32033
-0.41495 0.32870 -0.28550
-0.44632 -0.09236 -0.51289
0.21704 -0.02901 0.23053
0.13627 0.53500 0.31534
0.22686 0.61206 0.49439
-0.13242 -0.29346 -0.44652
0.38402 0.00415 0.29654
0.21876 0.18380 0.22496
0.08588 0.44059 0.18794
-0.22159 0.66822 0.32874
0.29273 -0.01532 0.23591
0.16392 -0.39167 -0.18385
-0.58532 0.48473 -0.14013
0.02986 -0.26621 0.03269
-0.07367 -0.85159 -0.29567
-0.02775 -0.10630 -0.00009
0.06576 0.47432 0.20621
-0.55060 0.28141 0.05594
0.14072 -0.76571 -0.01238
-0.30178 -0.09026 -0.50493
-0.38426 0.44613 0.07240
-0.51547 0.58170 0.13709
-0.09520 -0.23672 -0.16234
0.38778 0.12633 0.29640
-0.37794 0.20525 0.11492
-0.49419 -0.32170 -0.54698
0.06607 -0.17426 0.10651
-0.57452 0.54097 -0.02327
-0.12233 -0.45345 -0.36402
-0.40649 -0.18358 -0.52574
0.03460 -0.38287 -0.33001
-0.31948 0.59383 0.11606
-0.35298 0.52304 0.10555
-0.38892 0.28922 -0.23754
-0.13281 0.13647 -0.00869
0.03174 -0.33208 0.00733
0.21456 -0.25683 0.18149
-0.13927 0.47059 0.14340
0.68276 -0.01208 0.42819
-0.02121 -0.22669 -0.03338
0.11107 -0.11454 -0.03203
-0.01848 0.14533 -0.17755
0.27244 -0.36552 0.07396
0.03377 0.32970 0.12142
-0.64448 0.45279 -0.15060
-0.49330 0.20953 -0.05589
-0.52510 0.32239 -0.18668
0.18257 -0.11893 0.17578
0.05726 -0.46543 -0.24159
-0.04793 -0.51267 -0.10240
-0.20769 0.12981 -0.00722
-0.26317 0.26615 -0.34657
0.63175 -0.21605 0.27536
0.00416 -0.55291 -0.31067
0.24088 -0.12033 0.23695
0.30883 0.34654 0.27758
0.11985 -0.26383 -0.16420
0.10987 -0.16984 0.08573
-0.23836 0.31145 -0.12605
-0.20844 0.66586 0.41249
-0.44500 0.59113 0.10187
-0.16952 0.53785 0.11839
0.09959 -0.63001 -0.00270
-0.14003 0.53807 0.24346
-0.24007 0.61515 0.21964
0.08882 -0.15873 -0.10337
0.42509 -0.62715 -0.10059
0.25275 -0.28048 0.18306
-0.24069 0.09048 -0.37950
0.04248 -0.56738 -0.01958
-0.53137 -0.34305 -0.56215
0.08383 0.62517 0.52757
0.03381 -0.75641 -0.10912
0.05784 0.43009 0.21977
0.31547 0.24612 0.23390
0.06450 -0.19555 -0.16990
-0.11913 0.34644 0.05290
-0.52434 0.16142 0.03355
0.40151 -0.40157 0.08238
0.41322 -0.02038 0.28272
-0.21935 0.69621 0.37606
-0.33073 0.39616 0.05905
0.05916 -0.29356 0.07481
-0.20806 0.05682 -0.19309
-0.05475 -0.84270 -0.25615
0.09227 0.23571 0.07528
-0.36437 0.13689 -0.02913
-0.00200 0.41834 0.11669
-0.26499 0.68059 0.45865
-0.00107 -0.56891 -0.23955
-0.16518 -0.26565 -0.47018
-0.14803 0.20380 -0.00429
-0.56605 0.40708 0.01511
-0.08594 0.52408 0.28899
-0.50207 -0.13335 -0.50563
-0.23970 -0.26462 -0.40430
-0.50943 0.43057 0.08584
-0.60269 0.40675 -0.17233
0.32321 0.31013 0.22444
-0.38139 0.34795 0.05219
-0.12727 0.30863 0.00475
-0.19156 0.70710 0.27163
-0.23592 -0.17688 -0.50049
-0.36921 -0.15247 -0.50801
0.14324 -0.26792 0.15289
-0.29363 -0.08192 -0.45345
0.00753 -0.08655 -0.16003
-0.08776 -0.16161 -0.42979
0.04436 -0.22241 -0.24410
-0.38222 0.36423 -0.12740
0.19732 0.14926 0.19810
0.42308 0.05282 0.28078
-0.24177 0.46852 0.05446
0.14682 0.50419 0.33890
-0.45788 -0.06917 -0.54427
0.62242 -0.00877 0.37450
0.23816 0.21597 0.32672
-0.35509 0.27966 0.09588
0.62509 -0.38906 0.24168
-0.01549 0.57588 0.42023
-0.20132 0.37057 0.07555
0.02364 -0.08398 0.07055
0.06944 0.50026 0.26804
-0.07334 0.08794 0.00565
-0.21460 0.34827 0.01730
0.27236 0.59780 0.43415
-0.17975 -0.37705 -0.37212
-0.03736 -0.14794 -0.38129
0.15970 -0.35803 -0.11886
-0.14477 0.56894 0.31276
0.32486 -0.09112 0.27009
0.08174 -0.50544 0.01665
0.13822 0.05381 0.16224
-0.03774 -0.49387 -0.34437
0.19932 0.01188 0.18524
-0.13883 0.67502 0.26948
-0.07343 0.54777 0.22595
-0.50488 0.24152 -0.08753
-0.55982 0.21597 0.01099
-0.01094 -0.78126 -0.21872
0.09006 -0.15443 0.13395
0.02620 -0.28665 -0.32163
0.35792 0.08102 0.28511
-0.18730 -0.05283 -0.45200
-0.23275 0.11296 -0.27326
0.26284 0.32632 0.24886
-0.14425 0.48208 0.09504
-0.25744 -0.28103 -0.51545
-0.12469 0.35485 -0.24637
0.02726 -0.21251 0.05236
0.01423 -0.56831 -0.09701
-0.03013 0.06012 -0.18987
-0.31851 -0.34664 -0.53387
-0.59020 0.48355 0.00094
-0.09588 0.33489 -0.12436
-0.13503 0.12158 -0.35182
-0.56803 0.45970 -0.17412
-0.45744 0.31863 -0.25801
0.12831 -0.70740 0.01184
-0.02649 0.42319 0.16261
0.59713 -0.52834 0.17006
-0.07858 0.56912 0.40264
-0.63617 0.53737 -0.06049
0.20987 0.48507 0.30365
0.57565 0.04450 0.34087
0.27984 -0.08741 0.21783
0.36531 0.42365 0.33787
-0.00771 -0.81143 -0.14593
-0.46669 0.51717 0.02095
-0.13583 -0.02061 -0.41667
-0.21836 0.65960 0.22552
0.17492 -0.44739 -0.23194
0.15302 0.13339 0.16818
-0.26586 0.03727 -0.41394
-0.38480 0.12923 0.09842
-0.57914 0.38090 -0.19086
0.60935 -0.35374 0.22539
-0.12049 -0.37898 -0.26361
0.11564 -0.46851 -0.27033
0.23816 -0.13621 0.19143
-0.07214 -0.29990 -0.40793
-0.14754 -0.14532 -0.23215
-0.51336 0.49421 -0.03484
-0.06642 -0.48022 -0.18152
-0.48939 0.16972 -0.00469
-0.15045 -0.24303 -0.26044
0.57693 -0.18617 0.30874
-0.33265 -0.25077 -0.49340
0.03830 -0.13418 -0.15778
-0.04710 0.03765 -0.27737
0.13005 0.48681 0.23720
0.11884 -0.08566 0.17568
-0.55926 -0.26380 -0.59114
-0.32922 0.47313 0.04235
0.17351 0.32196 0.22259
-0.26249 0.30433 -0.31775
-0.36538 0.06033 -0.41167
-0.10482 0.13285 -0.32541
-0.38615 0.58767 0.09335
0.54891 -0.03693 0.36075
0.53638 -0.37384 0.22392
-0.07413 0.21248 -0.23186
-0.38459 0.36843 -0.19249
0.34775 -0.29160 0.19484
-0.29018 0.33098 -0.15644
-0.41507 0.26859 -0.19990
0.13675 -0.40170 0.08919
0.24033 0.23796 0.18768
-0.27421 -0.19013 -0.51978
-0.05415 -0.26987 -0.10178
-0.49187 0.43254 -0.09231
0.38956 -0.50267 0.00462
0.09020 -0.75260 -0.03946
-0.41255 0.02660 -0.48969
0.12899 0.40188 0.25098
-0.22436 -0.15164 -0.36772
-0.46503 0.11187 0.03907
-0.20662 -0.45209 -0.47196
-0.09018 0.42974 0.12259
0.10213 -0.35508 -0.24687
0.45009 -0.47798 0.11756
-0.33404 0.53013 0.06332
0.19035 0.21401 0.15190
-0.03759 -0.55982 -0.32771
0.62263 -0.09686 0.36363
-0.10194 0.55261 0.34076
-0.30769 0.73182 0.44161
-0.36272 0.10314 -0.38190
0.44235 -0.40893 0.15730
-0.04504 -0.05009 -0.29310
-0.33677 -0.15943 -0.53583
-0.27562 -0.42490 -0.47196
0.01388 -0.73023 -0.14198
0.39486 -0.32514 0.17849
0.21861 -0.53326 0.04995
-0.13848 -0.41964 -0.33271
0.25226 -0.54942 0.03313
-0.02380 0.26272 -0.10888
0.13044 -0.12140 0.12742
-0.45008 0.39484 -0.14810
0.10815 0.29553 0.13949
-0.01245 -0.69101 -0.11363
0.13048 0.53949 0.38416
0.45265 -0.56273 -0.08581
-0.02159 -0.34624 -0.36795
0.11148 -0.02979 0.15834
0.19980 0.40523 0.28394
-0.27519 0.69743 0.38228
0.03433 -0.63073 -0.08061
0.32829 -0.37379 0.02792
0.00947 -0.06821 -0.12348
0.21297 -0.24768 -0.08643
-0.35339 0.35304 -0.30342
0.01750 0.11083 -0.06832
0.32815 0.12271 0.26803
-0.06675 0.50619 0.23857
0.49211 -0.53829 0.11044
0.23255 -0.67955 0.03288
-0.14956 0.63511 0.42868
-0.00475 -0.70747 -0.19239
-0.47208 -0.18541 -0.53459
0.15600 -0.27619 -0.04922
-0.58025 0.45539 -0.23158
-0.05130 0.01289 -0.31503
0.20861 -0.57924 0.04974
0.01183 -0.16523 0.04226
-0.41268 0.17326 0.13187
-0.48391 -0.17453 -0.57474
-0.23732 0.16663 -0.37631
-0.24131 -0.35590 -0.50425
0.39622 -0.54448 -0.06222
0.17110 -0.25160 -0.13608
0.10277 0.38100 0.21368
-0.59694 -0.32580 -0.58925
-0.49181 0.33483 -0.26824
-0.23914 0.11984 -0.21902
0.12701 -0.13803 0.17946
0.30985 -0.25858 0.15692
0.27813 0.43148 0.30696
0.18954 0.43058 0.24283
-0.39167 -0.35236 -0.55739
-0.30322 -0.14363 -0.52030
-0.06023 -0.55332 -0.25633
0.25842 -0.30350 0.12092
-0.14005 -0.08309 -0.18937
-0.16584 0.49630 0.15368
-0.55455 0.20964 0.07928
-0.52926 -0.29221 -0.54869
-0.26489 -0.18432 -0.42782
0.06444 0.59421 0.50749
-0.05984 0.35636 -0.19412
-0.30689 0.24316 -0.27532
-0.49770 0.10670 0.05834
0.18861 0.49263 0.34481
0.02159 0.44808 0.21631
-0.16528 0.45164 0.07884
-0.18877 0.19213 0.00422
0.17486 -0.43648 0.10063
-0.07163 0.61897 0.43447
0.27908 0.25539 0.22672
-0.30498 0.10390 -0.41175
0.55517 0.09409 0.30445
0.25385 0.40273 0.29333
-0.05444 0.45889 0.17993
-0.46478 0.25997 -0.14892
0.12209 -0.51293 0.04307
0.49372 -0.24422 0.24962
-0.25540 0.20635 -0.36690
-0.35856 -0.08695 -0.52472
0.12252 -0.24769 0.11660
-0.04793 -0.66995 -0.27826
0.24812 0.27996 0.22043
-0.03420 -0.04861 -0.21101
-0.13377 0.59041 0.46513
-0.32124 -0.23847 -0.53907
0.43162 -0.47749 -0.02411
-0.56179 0.39966 -0.27432
0.46839 -0.54178 -0.00785
-0.01280 -0.61625 -0.30652
0.22058 0.04825 0.23230
0.02817 0.58418 0.48825
0.13197 -0.41038 -0.22447
0.54202 0.02915 0.31905
-0.18980 0.29100 -0.31744
-0.34431 0.21302 -0.19371
-0.19204 0.02927 -0.22189
-0.21828 0.02737 -0.42834
0.64157 -0.32114 0.23740
0.04692 0.26071 0.04996
0.30002 0.19278 0.33045
0.00610 -0.12509 0.04164
0.03869 0.61856 0.47126
-0.38912 0.49284 0.03205
-0.42254 -0.18380 -0.56081
-0.19748 0.25997 0.03764
0.28270 -0.41836 0.03603
-0.52552 -0.24239 -0.58716
0.28650 -0.58179 0.05726
-0.22696 -0.22138 -0.38644
0.13139 0.59107 0.47902
-0.04233 -0.64371 -0.19353
-0.08575 0.56154 0.26968
-0.11929 0.60823 0.38797
-0.17585 0.09783 -0.05218
-0.02485 -0.80911 -0.31345
0.15484 0.17117 0.16097
-0.04384 0.01223 -0.23812
-0.16820 0.17078 -0.34860
0.00606 -0.57775 -0.05070
-0.42512 0.59536 0.17929
-0.13104 0.24570 -0.28580
-0.30918 -0.05104 -0.49607
-0.36255 -0.19072 -0.51200
-0.49148 -0.29297 -0.57708
0.38036 -0.22646 0.24692
-0.52512 -0.21562 -0.55437
-0.09448 0.30079 -0.22229
0.63224 -0.29511 0.26850
0.33061 0.59618 0.42797
-0.33755 0.32842 0.08677
-0.00062 0.18229 -0.11539
-0.20231 -0.44253 -0.43318
-0.49121 0.41372 -0.16066
0.00457 -0.15857 -0.27156
-0.46454 0.57643 0.07210
-0.27163 0.11481 -0.12947
-0.21241 0.34790 -0.27432
0.36487 -0.42807 0.07541
0.11936 0.19060 0.12948
0.41202 0.14366 0.27359
-0.30622 0.46036 0.09327
-0.41993 0.17678 -0.06864
-0.26569 0.63311 0.19460
-0.43521 0.07392 0.08945
0.03472 0.01435 -0.03299
-0.24669 0.69723 0.41936
-0.33774 -0.03950 -0.46277
-0.05308 0.33920 0.02687
-0.03015 -0.15686 -0.01798
0.62037 -0.19754 0.31047
0.29835 -0.64948 0.00118
-0.17882 0.06979 -0.39809
0.02922 -0.74400 -0.07227
-0.00755 -0.66157 -0.23926
0.33876 -0.45834 0.02568
0.46737 -0.48833 0.07347
0.09246 -0.23338 -0.16378
-0.19076 0.03257 -0.16831
-0.27049 -0.33395 -0.51757
0.02707 0.55393 0.30514
-0.04104 -0.86319 -0.33098
0.14190 0.09182 0.15828
-0.24944 0.73415 0.36033
0.14626 0.47552 0.30819
-0.55815 0.52515 0.06731
0.21888 0.08491 0.22616
0.02403 -0.20983 -0.27992
0.43731 -0.62477 -0.15055
0.25300 -0.65004 0.04250
-0.32130 -0.27672 -0.53880
0.23791 -0.41636 0.11025
-0.33627 0.37457 -0.02150
-0.41543 0.09800 -0.38974
-0.15928 -0.41582 -0.44556
-0.55974 0.47190 0.04692
0.14159 -0.32208 -0.09641
0.01239 -0.62114 -0.05187
0.23673 -0.27413 -0.13667
0.32753 -0.52985 -0.01134
-0.03831 0.28018 0.05027
0.13013 -0.32396 -0.19981
-0.17467 0.65313 0.45346
0.02143 -0.52224 -0.29928
-0.01588 -0.14530 -0.31048
-0.43213 0.31481 0.08003
-0.38943 -0.32503 -0.52937
0.36802 -0.34345 0.10782
0.26917 0.47904 0.34446
-0.17192 0.13033 -0.01649
-0.31096 0.10299 -0.00546
-0.09638 -0.37964 -0.40706
0.50941 -0.14831 0.30826
0.63003 -0.02739 0.40546
-0.01853 0.56948 0.55535
0.12229 -0.18346 0.11864
-0.30358 0.37680 -0.27809
0.24432 0.17852 0.26964
0.32674 -0.37013 0.07865
0.11086 0.07905 0.12634
-0.39282 -0.24046 -0.52395
-0.18064 0.66909 0.19618
0.21857 -0.45330 0.07163
0.35501 -0.10619 0.25088
0.04901 0.09051 -0.00337
0.17957 0.62227 0.51350
0.16359 0.33358 0.16697
-0.16061 -0.44649 -0.39237
-0.33244 0.10665 0.03462
0.14659 0.42806 0.20080
-0.27415 -0.26658 -0.44059
0.25046 -0.22018 0.16549
-0.17316 0.71228 0.32430
-0.00035 -0.59308 -0.16623
-0.35488 0.16095 0.08996
-0.19599 0.41165 0.05623
-0.32612 0.18089 0.07206
-0.34892 0.25183 -0.23334
0.02922 -0.48574 -0.02162
0.17507 0.54288 0.34650
-0.33885 0.15436 -0.10746
-0.27965 0.16658 -0.21165
0.02169 0.03065 0.07031
-0.01859 -0.81668 -0.22647
0.08499 -0.70476 -0.01372
-0.03182 -0.54156 -0.08233
0.02614 0.36008 0.14027
-0.58089 0.38820 -0.02054
0.02368 0.34181 0.06539
-0.12498 -0.24983 -0.21700
-0.05930 -0.01752 -0.35744
-0.27423 -0.02731 -0.47315
0.08894 0.51996 0.32040
0.01719 -0.52405 -0.03462
0.00304 0.12515 0.04869
-0.15672 0.59968 0.42339
-0.60887 0.51150 -0.01665
0.30102 -0.03576 0.26497
0.16433 -0.18946 0.15661
-0.55292 0.35501 0.04357
-0.69888 0.52771 -0.19627
0.06959 0.00719 0.11010
0.12184 -0.04403 0.05815
-0.43966 -0.16910 -0.52952
0.09700 0.57655 0.43869
-0.28255 0.32334 -0.08212
0.14440 0.28463 0.16244
-0.36993 0.37368 -0.05580
-0.20862 -0.13239 -0.48304
-0.03689 -0.34011 -0.08835
-0.10407 0.39428 -0.20075
-0.16832 0.38122 -0.21909
0.37753 -0.39228 0.02506
0.01882 -0.44548 -0.03013
0.66704 -0.15416 0.34176
0.39539 0.37142 0.36231
-0.32529 0.04076 -0.42037
0.35966 -0.57254 0.02047
-0.16561 0.64972 0.33643
-0.32266 0.59148 0.22191
-0.08697 0.57875 0.53175
-0.25523 0.50893 0.05965
-0.06679 0.10771 -0.29776
0.00540 -0.78952 -0.17354
-0.36071 -0.01702 -0.50158
0.59812 -0.14698 0.33150
0.66281 -0.19199 0.29108
0.35389 0.29095 0.22454
0.10885 -0.40723 -0.16636
0.00230 -0.54289 -0.17281
-0.18255 -0.02972 -0.27299
-0.42345 -0.01552 -0.47609
0.34955 -0.50044 0.02143
-0.18124 0.61668 0.36184
0.11479 0.20391 0.08609
-0.03197 -0.63740 -0.34443
-0.00984 -0.28808 -0.36491
-0.06474 0.46368 0.12086
0.66403 -0.04703 0.40426
-0.11468 -0.14917 -0.16980
0.11762 0.62441 0.54871
0.29630 0.29672 0.20206
-0.56859 0.33597 -0.01864
0.35581 -0.22337 0.20814
0.06628 -0.26754 0.10429
-0.30436 0.11468 -0.07669
0.31074 -0.60060 0.00635
0.19459 -0.49147 0.07238
-0.37554 0.38645 -0.28615
0.22924 -0.42395 -0.17702
0.03466 0.08520 0.05663
0.04700 -0.60295 -0.02099
-0.67428 0.52608 -0.12839
-0.09733 0.40020 0.10357
0.03340 -0.08016 -0.09534
-0.22461 0.08543 -0.17050
0.18983 0.55107 0.41267
0.02552 0.41684 0.19153
-0.30782 0.72905 0.39792
-0.05351 -0.59645 -0.25237
-0.02305 0.54961 0.29620
-0.21660 0.08642 -0.34168
-0.00945 -0.27554 -0.03589
-0.02831 0.00580 -0.16800
-0.03949 0.03172 0.02171
0.01690 -0.47624 -0.10010
-0.17349 0.30890 -0.00650
0.03931 -0.40898 -0.09434
0.49533 -0.54303 0.03965
0.21692 -0.18742 0.20602
0.40834 -0.45769 0.09714
0.39384 -0.39584 0.13673
0.05139 -0.65001 -0.05591
0.43497 -0.46214 0.05995
-0.41073 0.46880 0.09350
0.31812 -0.40948 0.04820
0.08307 0.38219 0.15048
0.04665 0.16867 0.08604
0.33807 -0.32447 0.16189
0.22074 -0.07313 0.19939
0.19723 -0.23511 0.15921
0.29651 0.10289 0.24023
-0.02994 0.51397 0.28141
0.63055 -0.13007 0.34769
-0.19495 -0.32044 -0.48285
0.33390 0.49259 0.33082
0.27480 -0.62377 0.01351
0.06392 0.41791 0.16662
0.60637 -0.44977 0.19600
0.36287 0.27097 0.27358
-0.45077 0.46448 -0.01719
0.10592 -0.57899 0.01646
0.31756 0.49359 0.36256
-0.00624 -0.72410 -0.32558
0.46930 -0.13088 0.27912
0.41853 0.49155 0.33569
-0.43490 0.23206 -0.13314
0.27707 0.13173 0.22705
-0.29204 0.52412 0.11904
0.14986 0.59162 0.42226
-0.22328 0.04201 -0.39120
-0.50079 -0.32852 -0.58106
-0.02109 0.25158 -0.07542
0.57753 -0.41118 0.20174
-0.43449 -0.29401 -0.56652
-0.04270 -0.76315 -0.22862
-0.06509 0.07049 -0.32213
0.12322 0.31414 0.16796
0.23600 0.00802 0.21344
0.29064 -0.67771 0.02410
-0.30513 -0.15815 -0.46431
0.01909 0.14515 -0.07959
-0.03242 -0.46119 -0.08161
-0.03166 -0.42392 -0.09610
0.22937 -0.33927 0.12209
0.26899 -0.14762 0.24109
-0.25963 -0.11959 -0.41958
-0.04040 -0.08153 -0.33626
-0.37707 0.03300 -0.43132
-0.40221 -0.26457 -0.55858
0.03383 0.56658 0.39955
-0.28495 0.01268 -0.43045
0.54297 -0.17581 0.27878
-0.05422 -0.18618 -0.07016
0.00205 -0.47885 -0.34170
-0.26437 0.39449 0.08691
0.25997 0.14585 0.27009
0.09686 0.29626 0.09478
-0.09059 0.29599 0.00741
-0.18679 0.56527 0.13183
0.16293 -0.19457 -0.06210
-0.06319 0.39020 0.10968
0.35968 0.45171 0.31301
0.39200 0.44939 0.35024
0.30131 0.05261 0.26650
0.17827 0.03090 0.21530
-0.33155 0.03592 -0.46206
-0.13823 0.59869 0.51220
-0.01123 -0.67321 -0.31315
0.16655 -0.46542 0.08290
-0.45459 -0.26661 -0.53631
-0.20815 0.05802 -0.23978
0.19308 0.04844 0.17100
-0.04417 0.26763 0.00961
0.17393 -0.04159 0.16601
0.44254 -0.56859 -0.12194
-0.14859 0.05274 -0.39271
0.07132 -0.32568 -0.28257
-0.27132 0.14300 0.02671
0.04878 -0.21334 0.08434
0.34936 0.06302 0.25560
0.37761 -0.06484 0.26536
-0.03705 0.02887 -0.20456
-0.28447 0.59121 0.12972
-0.45275 0.40836 -0.08765
0.48962 -0.59179 0.02948
0.34597 -0.27029 0.16734
-0.49065 -0.13426 -0.55472
-0.24268 0.30717 -0.08979
-0.47597 0.55106 0.15274
0.36053 -0.38412 0.12488
-0.00585 -0.66427 -0.09217
0.22184 0.26075 0.20810
-0.06288 -0.45276 -0.35849
-0.33317 0.18927 -0.16946
-0.23232 -0.07730 -0.38174
0.40943 -0.49507 0.04329
-0.42024 -0.13404 -0.55338
0.36533 -0.57146 -0.01796
-0.05719 0.42568 0.14245
0.50125 -0.45037 0.17076
0.17122 0.26578 0.14478
-0.14547 0.31969 -0.27671
-0.37366 0.60757 0.20397
0.42469 -0.34643 0.18571
-0.38486 0.43494 -0.00018
-0.02090 -0.84498 -0.18881
0.01712 0.39197 0.10490
0.25224 0.03852 0.22218
-0.18126 0.30670 -0.11780
-0.03970 -0.72227 -0.23157
0.25881 -0.39821 0.06742
0.43230 -0.55116 0.00809
0.00869 0.59054 0.55191
-0.10556 0.58653 0.33514
0.45912 -0.63979 -0.09255
-0.00939 -0.47711 -0.06135
0.34998 -0.40984 -0.03719
-0.40213 0.13675 0.12733
-0.26611 0.55139 0.14930
0.41957 -0.50460 -0.11690
-0.37907 -0.07065 -0.48804
-0.31747 -0.19634 -0.47702
0.03602 -0.04790 -0.06096
-0.09791 0.57871 0.46403
-0.20819 -0.12144 -0.33928
-0.56828 -0.27810 -0.55867
0.20552 -0.15595 0.21424
0.44947 -0.29994 0.22737
-0.30790 0.11065 -0.37810
0.52151 0.00840 0.35170
-0.54150 0.28753 0.08967
0.26868 -0.27471 0.13675
-0.27225 0.49121 0.11502
-0.40432 0.22456 -0.14704
0.38474 0.35186 0.30145
0.05482 0.51993 0.29936
-0.39952 0.10260 0.05971
-0.18199 -0.27550 -0.32174
0.57312 -0.14331 0.30317
-0.20953 0.44902 0.10809
-0.14882 0.27295 0.02765
0.71647 -0.22185 0.28854
-0.16214 0.60057 0.16373
0.30577 -0.13941 0.25611
0.30505 -0.54715 0.01140
0.07089 -0.54481 0.00056
-0.08695 0.17461 -0.27872
0.44601 -0.18455 0.26005
-0.56150 0.55319 0.00765
0.00159 0.46755 0.17296
-0.00777 0.04284 -0.11822
-0.03662 -0.37724 -0.36999
-0.11288 -0.10707 -0.14184
0.50071 -0.56825 0.08741
0.30036 0.51982 0.37806
-0.42839 0.56681 0.14744
0.17600 -0.09554 0.21595
-0.42901 0.40916 -0.05778
-0.12328 0.38584 0.05988
0.03623 -0.68309 -0.04777
-0.09797 0.49115 0.11967
-0.02614 -0.07375 0.01011
-0.28430 0.16690 -0.38351
-0.42990 0.35272 -0.30458
0.59695 -0.07956 0.33797
0.10064 0.55059 0.32983
-0.56015 -0.31575 -0.59798
-0.44940 0.15831 -0.02004
-0.42461 -0.25020 -0.53156
0.41570 -0.15479 0.25823
-0.20085 -0.20736 -0.48703
0.47802 -0.49528 0.12665
-0.22907 -0.24502 -0.50289
-0.05223 -0.88793 -0.35832
-0.54210 0.31164 -0.12913
0.06258 0.23809 0.09174
0.00122 0.57362 0.35247
0.12558 -0.21177 -0.00485
-0.07489 -0.34156 -0.15782
0.44680 -0.02156 0.31850
-0.30664 0.28691 -0.28651
-0.02704 -0.76830 -0.18522
0.39149 0.03741 0.29882
0.07380 0.12793 0.03665
-0.38753 -0.03943 -0.52003
0.40857 -0.44564 -0.09278
0.21429 -0.63003 0.06271
-0.21664 -0.07996 -0.47384
0.10879 0.43628 0.25496
-0.14340 0.64195 0.19480
0.32037 -0.15191 0.22047
0.15069 0.14866 0.12622
0.12686 -0.28365 0.11298
0.17598 -0.56278 0.06783
-0.45019 0.34873 0.08088
0.12252 -0.09794 0.01273
0.22087 -0.19981 0.17316
-0.08730 0.36812 0.04697
-0.47186 0.22055 0.12234
-0.02318 0.30585 0.06812
0.02240 -0.35276 -0.33945
0.26568 0.38885 0.25234
