-0.33224 -0.24743 -0.68578
0.37217 0.34554 0.74066
0.63510 -0.75527 -0.09610
-0.22424 0.54732 -0.07113
0.05039 -0.20960 0.18751
-0.08270 0.30929 -0.62056
0.15063 -0.38784 -0.37075
-0.09628 0.29541 0.41878
-0.32668 0.00770 -0.18598
0.47539 -0.07783 0.45939
0.11733 -0.07070 0.78914
0.39488 -0.52565 0.23851
0.06104 -0.44837 -0.81620
0.20550 0.62153 0.40863
0.10029 0.02071 -0.24009
0.29151 0.07763 0.16925
-0.15814 0.63609 0.29256
-0.16524 0.09049 0.12702
-0.12909 0.03236 -0.84202
0.33730 -0.55911 -0.11126
-0.33298 0.07399 -0.52825
-0.16071 -0.23534 -0.37862
0.11791 0.01161 0.45819
-0.01823 0.38995 -0.29145
0.09709 0.53916 0.11762
0.07570 0.23240 0.68554
-0.00204 -0.30249 -0.10922
-0.28817 0.29542 -0.20682
-0.21229 0.37227 0.16405
0.30566 -0.26399 0.32295
0.02406 -0.26911 -0.59963
0.18443 -0.41713 0.06814
-0.09529 -0.05381 -0.08517
0.21909 0.40484 0.54333
0.27863 -0.10555 0.60472
0.04749 0.08721 0.23523
-0.20128 0.24979 -0.42181
0.10007 -0.15356 -0.39949
0.49004 -0.64134 0.04785
0.05519 0.45141 0.33851
-0.31747 0.23366 0.01453
0.35832 0.55984 0.62500
-0.12865 -0.33776 -0.74664
0.19125 -0.40085 -0.15565
-0.31886 -0.13261 -0.47533
-0.02615 0.39781 0.60169
0.05229 0.68815 0.27966
-0.17769 0.12289 -0.65983
-0.09473 0.61447 0.09381
0.31342 0.01007 0.36650
-0.02971 0.13585 0.53003
-0.08371 -0.06780 -0.29198
-0.12971 0.49872 0.43907
0.14269 -0.16115 0.36669
-0.09804 -0.11195 0.10648
-0.16644 -0.23793 -0.57476
0.49405 -0.65356 -0.17688
-0.41432 -0.07726 -0.63080
-0.12201 0.14332 0.30424
-0.11353 0.54325 -0.23349
0.17473 -0.06386 0.20565
-0.31543 0.12834 -0.33708
-0.00899 -0.31781 -0.29484
0.08900 0.03927 0.63990
0.30531 -0.48207 -0.27679
0.05448 -0.16402 -0.21822
-0.04135 0.43855 0.18221
-0.22104 0.08391 -0.04581
0.33660 -0.54461 0.06922
0.25336 0.24896 0.64988
-0.21653 0.37419 -0.02342
-0.26126 -0.10544 -0.30309
-0.00040 -0.06107 0.31517
-0.13399 -0.20006 -0.18906
-0.02318 0.32931 -0.45520
0.26428 -0.40692 0.22212
0.19967 0.53627 0.25672
-0.22825 -0.03405 -0.61179
0.30785 -0.14108 0.43862
0.04745 -0.31078 0.05427
0.07397 0.35854 0.47792
0.14801 -0.28028 -0.49367
-0.04419 -0.31426 -0.46057
0.32576 -0.11312 0.26382
-0.14840 0.41053 0.30498
-0.18089 0.39574 -0.26386
0.11363 0.41853 0.66925
-0.08971 -0.20022 -0.02195
0.03031 0.10963 0.76924
0.17386 0.05353 0.31840
0.10203 -0.35905 -0.69811
0.19818 -0.26863 0.21266
-0.32047 0.16473 -0.13531
-0.22056 0.22004 0.18268
-0.00076 0.07533 0.39012
-0.15115 0.47670 0.07252
0.02158 -0.04816 0.16810
-0.33588 -0.00891 -0.39683
-0.09906 0.01005 0.23280
0.13818 -0.08962 0.56797
0.15984 0.48417 0.43324
0.25212 0.47444 0.67393
-0.04015 -0.17089 -0.44118
-0.19481 -0.04767 0.01880
-0.17419 -0.00794 -0.19619
0.28322 0.54650 0.50367
-0.24168 0.18150 -0.54338
0.24860 -0.08428 0.74071
0.13587 -0.26050 -0.31483
0.25400 -0.46411 -0.04792
-0.16007 0.51355 0.21194
0.25782 -0.02333 0.49205
-0.25090 0.42723 -0.15017
-0.03118 0.27149 0.54820
0.36756 -0.39232 0.30947
0.43157 -0.04661 0.33003
-0.13854 0.27806 0.27644
0.14104 0.28760 0.58033
0.10966 -0.38833 -0.04907
-0.03099 0.00074 -0.18836
0.40549 -0.06633 0.57136
0.15299 -0.08712 -0.29485
-0.31245 0.34887 0.08231
0.07202 -0.36553 -0.19665
-0.08840 -0.33309 -0.62241
0.16203 0.07393 0.17391
-0.11268 0.32341 -0.34976
0.01016 0.62119 0.17729
-0.18792 0.01161 -0.72883
0.44847 -0.60205 -0.06545
-0.00607 -0.34437 -0.78920
-0.22232 -0.30741 -0.66419
0.39254 -0.59325 -0.21775
0.10052 0.46817 0.22005
-0.07924 0.17102 0.41801
-0.11388 0.22189 -0.70378
-0.06679 0.70154 0.23916
-0.24054 -0.03535 -0.09576
-0.02454 -0.20907 0.08732
-0.36124 -0.17859 -0.58493
0.36103 0.01802 0.25161
0.02048 0.02382 0.53469
-0.13163 0.30305 -0.50759
0.42059 -0.60215 0.14619
-0.26505 0.24939 -0.31755
-0.30364 0.31618 -0.08524
-0.25677 0.14182 0.06539
0.00477 0.13299 0.64620
-0.08336 0.39068 0.49522
0.29166 0.36425 0.63126
0.53798 -0.69045 -0.06524
-0.01842 -0.16820 -0.11361
-0.03900 0.37667 0.34106
-0.23737 -0.21931 -0.47052
0.03616 -0.07687 -0.31187
0.05601 -0.20404 -0.50611
-0.37375 -0.03895 -0.52185
0.20012 -0.02904 0.64856
0.18306 -0.44006 -0.27137
0.06776 -0.34872 -0.44429
0.12592 -0.32294 0.13927
0.18430 -0.13564 0.47182
0.29797 -0.45814 -0.16368
-0.27942 0.07019 -0.63079
-0.13070 0.13006 -0.77147
0.37058 -0.03110 0.45894
0.06937 -0.07916 0.40388
0.26819 -0.47199 0.12372
-0.15256 0.52499 0.33136
0.14542 0.62227 0.31312
-0.15856 -0.12531 -0.35504
-0.29235 0.02685 -0.29480
-0.27106 0.15294 -0.43718
0.12873 -0.32461 -0.59467
-0.03064 0.52130 0.10782
-0.14908 0.21652 -0.59792
-0.21202 -0.11555 -0.20466
-0.06175 -0.23208 -0.53164
-0.15328 -0.01807 0.12203
0.04230 0.31356 0.61892
-0.15849 -0.14195 -0.09641
-0.27514 -0.24528 -0.58515
0.23476 -0.16517 0.23622
-0.05596 -0.27345 -0.20539
-0.00535 -0.36586 -0.68305
0.06925 -0.15156 0.28844
0.29882 0.46804 0.57678
-0.29572 0.17931 -0.24344
0.11307 0.58443 0.21250
0.27766 -0.03439 0.21245
-0.18507 0.51170 -0.16350
-0.23326 0.03900 0.06297
-0.30918 0.13831 -0.03226
0.09665 0.02344 0.75024
-0.14414 -0.27708 -0.48123
-0.23983 0.24438 0.08212
0.20114 -0.23013 0.31648
-0.09612 0.11203 0.20994
-0.30347 0.05999 -0.10083
0.00278 -0.24630 -0.02435
-0.09564 -0.25996 -0.29807
0.07969 -0.26116 -0.23044
0.18986 0.47787 0.17388
-0.15043 0.03000 -0.09700
0.36539 -0.12841 0.35509
-0.06557 0.03338 0.32567
0.18455 0.35054 0.64802
0.13057 0.51760 0.34321
-0.24259 -0.13218 -0.41013
-0.02076 -0.13912 0.18166
-0.10394 -0.10485 0.00515
-0.12524 0.60530 0.19214
0.04567 -0.06695 -0.19824
-0.00090 0.29653 0.45676
-0.17063 -0.19376 -0.28124
0.22010 0.01160 0.39989
0.26043 0.04651 0.27072
0.08015 -0.37170 -0.30357
-0.02324 0.05539 0.17425
0.14480 -0.18363 0.19850
0.11020 -0.05149 0.68163
-0.12733 0.38149 0.21280
0.07630 0.06054 0.32757
-0.12363 0.40669 0.40564
-0.24749 0.46792 -0.01915
0.40617 -0.59747 0.02228
0.03122 0.20958 0.59028
0.03105 -0.34187 -0.53399
-0.34444 0.00269 -0.60603
0.58186 -0.69723 -0.15230
0.32353 -0.08912 0.51990
0.12172 0.01071 0.55370
0.01691 -0.00880 0.44067
0.23108 -0.18208 0.39467
-0.20302 0.39721 0.06839
0.21102 -0.37224 0.15230
-0.33249 0.08099 -0.42498
0.31013 -0.53527 -0.02291
-0.05250 -0.12248 -0.36182
-0.29166 0.09475 -0.20333
-0.14892 -0.18528 -0.45663
0.09343 -0.10523 0.18547
0.28316 -0.31698 0.24967
-0.20695 0.32396 -0.31695
-0.15612 0.56340 0.03927
-0.08962 0.23664 0.34760
-0.00874 0.42963 0.26818
-0.17837 -0.07068 -0.28219
0.14689 -0.29440 -0.40273
-0.08383 -0.23267 -0.11962
0.33526 -0.51929 0.16922
-0.25936 0.02274 -0.54725
0.11469 -0.17056 -0.28667
-0.06481 -0.02831 0.14228
0.09849 -0.00048 0.17978
0.02607 0.38814 0.40366
0.04141 -0.32916 -0.03408
0.03833 0.47931 0.15065
0.21235 -0.11774 0.66430
0.09771 -0.07140 0.48873
-0.01507 0.20935 0.48060
0.14741 0.41347 0.48668
0.09812 -0.33016 -0.11594
-0.29470 0.22806 -0.07478
-0.04938 -0.06392 0.23071
-0.05134 -0.30200 -0.37260
0.35958 -0.50828 -0.20400
0.29131 0.32373 0.71049
-0.26873 0.30788 0.00953
-0.27324 -0.05006 -0.23460
-0.13856 -0.27954 -0.67385
0.34363 -0.45341 0.23224
0.03103 -0.23305 -0.15279
-0.17177 0.15501 0.22522
-0.23173 0.03649 -0.14662
-0.18195 0.29790 0.20274
0.11733 -0.35992 0.03479
0.14422 -0.35410 -0.24704
0.13504 -0.19358 -0.47070
-0.05480 0.33519 -0.53622
0.00787 0.59851 0.09323
-0.13409 0.33725 0.34943
-0.15446 0.55220 0.13030
0.20767 -0.02450 0.56252
-0.08791 -0.31408 -0.53780
-0.02198 -0.07274 -0.14409
0.02187 0.09020 0.47812
0.06313 0.27809 0.54315
-0.03501 0.09319 0.26757
0.24194 -0.47676 0.03633
0.31096 -0.19747 0.26812
0.04203 0.09625 0.57521
0.31017 -0.07029 0.67576
-0.13339 0.42576 0.13855
0.18759 -0.41991 -0.01808
0.02170 -0.00957 -0.25631
0.03018 0.05786 0.70185
-0.22836 0.36221 -0.19943
0.24078 -0.48061 -0.22175
-0.09943 0.41284 -0.27822
0.04995 -0.24518 0.10733
0.22930 0.48318 0.48963
0.42030 -0.57456 -0.14001
-0.05773 -0.29446 -0.69075
-0.22345 0.10674 -0.58024
-0.39325 -0.19219 -0.66100
0.17816 -0.03294 0.74632
0.16856 -0.14487 -0.35215
0.09485 0.43594 0.41609
-0.30347 -0.08105 -0.37259
0.48094 -0.08700 0.54129
0.05273 -0.35186 -0.62610
-0.25994 0.10825 -0.50631
0.24113 -0.12586 0.53423
0.21503 -0.47131 -0.12007
-0.10789 0.32691 -0.43276
0.34398 0.59103 0.53498
0.18099 0.22300 0.62277
-0.29534 -0.19437 -0.52284
-0.15270 0.46156 -0.22517
-0.20606 0.03806 -0.64481
0.12813 -0.20736 0.28334
-0.28112 0.39333 -0.07335
-0.07831 0.10339 0.37302
0.02882 0.17326 0.71551
-0.20054 0.16499 0.12656
-0.24697 0.01147 -0.02024
-0.24385 0.29966 0.14122
0.41155 -0.09056 0.40951
-0.17996 0.22670 -0.51802
0.11765 -0.25922 0.20200
0.02795 -0.33763 -0.36343
-0.09968 0.04932 0.15016
0.04952 -0.40489 -0.73748
0.09492 -0.25408 -0.56572
-0.29417 0.20001 -0.37249
0.20960 0.00486 0.18659
-0.10390 -0.02642 -0.22814
0.08991 -0.03663 0.60741
0.19171 0.08130 0.24550
0.07051 0.03772 0.40243
-0.36390 -0.11428 -0.53805
-0.10404 0.01116 -0.15637
0.31561 -0.19472 0.35653
-0.31625 0.24093 -0.14907
0.12813 0.34689 0.53217
0.38599 -0.00975 0.38473
-0.08950 -0.25853 -0.60205
0.03252 -0.12851 -0.36923
-0.09080 -0.16729 0.05335
0.03852 0.39780 0.64354
-0.07116 -0.12400 -0.06489
0.41023 -0.09188 0.49731
-0.27379 0.07987 0.00963
0.18556 0.43643 0.68849
-0.33993 0.01556 -0.47966
0.21282 -0.34241 0.22457
0.17710 0.54973 0.39862
0.12135 -0.40199 -0.12559
0.01074 -0.11725 0.25400
0.14914 -0.21830 -0.37669
-0.21150 -0.17934 -0.35022
0.00412 -0.31852 -0.19890
-0.03412 0.33872 -0.34439
0.28262 -0.04178 0.56487
-0.28221 0.35620 -0.14515
0.29611 -0.38167 0.28554
-0.18735 -0.08976 -0.05086
0.18368 -0.01277 0.48740
-0.33172 -0.05924 -0.45203
0.14238 0.02845 0.38145
-0.04626 0.09493 0.44765
0.50449 -0.63469 -0.10260
0.35474 -0.31500 0.29943
0.09591 -0.09462 -0.24742
-0.09324 0.36335 0.28811
-0.16371 0.44427 0.23912
0.23038 -0.45894 -0.32559
-0.31704 -0.04240 -0.30617
-0.24091 0.21455 -0.47367
0.38187 -0.56304 -0.05217
0.25801 -0.24605 0.24996
-0.06379 0.63571 0.16477
0.03329 -0.16957 -0.44435
-0.02127 -0.33867 -0.59343
0.11307 0.07798 0.26659
0.22742 0.55915 0.45792
-0.12820 -0.06026 0.06424
0.24968 0.38756 0.68656
-0.06013 -0.36102 -0.73569
-0.03006 0.33512 0.40200
-0.04450 0.24393 0.42026
-0.33065 0.05252 -0.35769
-0.27870 -0.29882 -0.70977
-0.10520 -0.27693 -0.41497
0.12693 -0.12129 0.42548
-0.14439 -0.02126 -0.04252
0.31474 0.50547 0.64578
-0.15872 0.06413 -0.78333
-0.23923 -0.06144 -0.16482
-0.23483 0.29407 -0.25729
-0.17936 0.22752 0.24160
-0.19659 -0.31147 -0.73149
-0.21394 0.16877 -0.61754
-0.23576 0.46789 -0.09252
-0.22662 -0.21053 -0.54461
0.30126 -0.49517 -0.09266
-0.01896 -0.00676 0.36329
-0.06433 0.32124 0.49662
0.12964 -0.40816 -0.20159
0.10015 -0.33076 -0.51132
0.15651 -0.32713 -0.33328
0.13369 0.50476 0.27183
-0.09922 0.53665 0.07329
-0.10683 -0.15007 -0.39918
-0.14778 0.57372 0.25212
-0.11202 0.07059 0.26820
0.01935 -0.17090 0.13199
0.37910 -0.05471 0.28257
-0.33782 0.31294 0.02561
-0.14466 0.45673 0.35997
0.06172 0.62995 0.23033
0.08551 0.25613 0.61118
0.11833 0.33408 0.62888
-0.18571 0.02697 0.01178
-0.26728 -0.25124 -0.65785
0.03810 -0.33544 -0.73108
-0.14331 0.28340 -0.57589
-0.17926 0.47977 0.13720
-0.24126 0.33917 0.08063
-0.15945 0.08371 0.19707
0.40626 -0.56582 0.08746
0.48731 -0.65501 -0.03160
0.16509 0.54069 0.19345
0.40458 0.01590 0.31263
0.24833 0.02998 0.33826
-0.31913 0.11325 -0.26864
0.10670 -0.03541 -0.28550
0.33972 0.37879 0.68830
0.00770 -0.13498 -0.16924
-0.16025 0.34319 0.26355
0.24703 -0.09546 0.22679
-0.19101 0.45466 0.01954
-0.15293 -0.30466 -0.58879
-0.19407 0.07902 -0.71311
0.37602 -0.46224 0.29307
0.29838 -0.52720 -0.17117
0.24417 0.31387 0.62689
0.22569 0.09332 0.15409
0.28115 -0.00339 0.42906
0.04623 0.05149 0.17586
0.18509 0.34089 0.57588
0.00685 -0.30110 -0.66206
-0.08690 0.48162 0.11437
-0.06623 0.43083 0.54882
0.33071 0.52638 0.55896
0.16554 -0.09602 0.70977
0.09365 -0.10341 -0.33839
-0.26225 0.18029 0.00880
0.33327 -0.44617 -0.22121
0.14983 -0.22306 -0.53094
-0.07029 -0.09155 0.16742
0.00179 0.07117 0.32065
0.30105 0.43163 0.63586
0.01095 -0.25100 0.04718
-0.13101 0.26686 -0.64246
-0.16470 0.31217 -0.39186
-0.21131 0.26907 -0.35753
-0.13692 -0.21660 -0.51752
0.29009 -0.46140 0.18694
-0.26035 0.37805 0.02795
-0.04712 0.35612 0.55194
0.04971 -0.09816 0.34104
-0.13810 0.20884 0.30568
-0.13124 0.35456 -0.28989
0.07171 -0.29166 -0.16453
-0.03558 -0.14172 0.10680
0.45480 -0.04167 0.39433
0.10410 -0.30755 -0.65456
-0.03827 -0.19921 0.02253
-0.21014 0.42998 -0.21151
-0.17138 -0.14951 -0.16413
-0.00502 0.67753 0.23179
0.16391 -0.43239 -0.08457
-0.05432 -0.24667 -0.06173
-0.21533 -0.28085 -0.58671
0.19228 0.58847 0.34529
0.31542 0.02327 0.30178
0.01620 0.20825 0.66090
0.04083 -0.34955 -0.25265
-0.00169 0.26327 0.60981
0.17667 -0.38421 -0.30573
-0.14092 0.17754 -0.66035
-0.21067 -0.20567 -0.41187
0.14933 -0.37099 0.10078
0.11587 0.48465 0.15816
-0.29055 0.11208 -0.56445
0.02489 0.44786 0.20682
-0.32266 -0.21186 -0.63135
0.02127 0.06310 0.63709
0.44613 -0.63511 -0.13231
0.14257 -0.00050 0.63601
0.06569 -0.02506 0.54785
-0.02934 0.19743 0.55155
-0.11482 -0.18896 -0.08247
-0.29679 0.27666 0.06088
0.03182 0.54094 0.11197
0.45966 -0.60345 0.09113
0.34204 -0.06040 0.58402
0.21865 -0.29590 0.26952
-0.12623 0.67172 0.24886
-0.04026 -0.03193 -0.26001
0.16217 -0.09247 0.63214
0.06185 0.46470 0.27183
-0.19795 -0.26466 -0.52385
0.30221 -0.50001 0.03374
-0.05864 0.25749 0.48773
-0.28511 0.17917 -0.31130
0.60089 -0.70465 -0.06736
-0.28711 0.00551 -0.13517
-0.00622 -0.20274 -0.48953
-0.08832 -0.19785 -0.47448
0.18122 -0.07432 0.79642
0.01182 -0.24023 -0.09174
-0.07883 0.17316 0.34822
0.06594 -0.00254 0.70001
-0.07655 0.30928 0.35404
0.01252 -0.23456 -0.54186
-0.10481 0.46234 0.48546
0.29621 0.60777 0.49069
-0.29112 0.25529 -0.25647
0.38047 -0.56124 0.18568
-0.04448 -0.02007 0.29429
-0.07207 0.40080 0.23795
0.06282 0.58958 0.16046
-0.14001 -0.14416 -0.03551
0.10582 0.08133 0.20342
-0.32351 -0.00625 -0.54657
0.31222 0.02083 0.18913
-0.31708 0.11511 -0.47925
-0.21537 -0.13793 -0.26407
0.37015 -0.04508 0.52304
0.21121 -0.41645 -0.21387
-0.27495 0.28970 -0.14507
0.26180 -0.04344 0.62469
0.26581 0.43922 0.51823
-0.11707 -0.22920 -0.24719
-0.38221 -0.04832 -0.58471
0.24726 0.08047 0.21545
0.07980 0.03128 0.51128
0.03182 -0.11403 0.15764
0.05554 0.11444 0.69094
0.04753 -0.37854 -0.79461
-0.31621 0.28691 -0.02744
-0.23640 -0.00265 -0.20380
0.08635 -0.36501 -0.36563
0.05583 -0.29087 -0.08812
0.16273 -0.31519 0.19033
-0.28492 0.03330 -0.22497
0.24413 -0.05332 0.68585
-0.32444 0.09545 -0.14787
-0.21971 -0.11129 -0.35582
-0.05099 -0.01870 -0.13219
0.36026 -0.10918 0.45013
0.46493 -0.60559 0.00287
0.27671 -0.43322 -0.24420
-0.11676 -0.01614 0.17905
-0.18505 0.42596 0.18350
0.36855 -0.54920 0.01053
0.44342 -0.62401 -0.19777
-0.15703 0.26844 -0.46135
-0.28300 -0.00033 -0.61425
0.19216 -0.12434 0.21716
-0.01250 0.07600 0.53059
0.00690 -0.32725 -0.42825
-0.09451 -0.34579 -0.68662
-0.16184 -0.00728 0.05732
0.34345 -0.15855 0.30342
-0.32372 -0.01649 -0.24637
-0.16739 0.13703 -0.71902
0.04288 -0.34248 -0.14491
0.07454 0.04406 0.57574
0.08755 -0.27353 0.15035
0.32293 -0.49389 0.10640
-0.18919 0.03094 0.11369
0.26006 -0.41641 0.15815
0.13843 -0.00244 0.70504
0.27065 -0.11667 0.68302
-0.02601 0.15524 0.44379
-0.19754 -0.09865 -0.11484
0.35186 -0.56750 -0.17001
0.11942 -0.30440 -0.27229
-0.40889 -0.13697 -0.61954
-0.15576 0.48294 0.28729
-0.29303 0.12389 -0.08928
0.09037 0.63963 0.28328
-0.17990 -0.15214 -0.40542
-0.29923 0.19422 -0.18448
0.26202 -0.22088 0.34431
0.04888 -0.17010 0.23424
0.18149 -0.15240 0.41344
-0.15901 0.58519 0.32667
-0.23125 0.09226 -0.66025
0.02336 -0.05268 0.37123
-0.21992 -0.04037 -0.03781
-0.01668 0.04271 0.45588
0.27708 0.40724 0.58586
0.21017 -0.11744 0.60381
0.02017 0.15364 0.57012
0.10333 -0.32506 0.08204
-0.25348 -0.16140 -0.47585
-0.07657 0.37461 -0.31884
0.00477 0.42047 0.32697
0.14850 -0.10403 0.50858
0.11816 -0.01094 0.79570
-0.28891 0.35570 -0.02081
0.01279 0.23736 0.52589
-0.07376 0.30666 -0.47796
0.23940 -0.43197 0.08970
0.52497 -0.68466 -0.12849
0.25772 -0.14051 0.47859
0.09353 -0.03684 -0.22527
0.16922 -0.25699 0.26357
0.13283 -0.35832 -0.16888
-0.04952 0.57143 0.08157
-0.11008 -0.26398 -0.35699
0.19284 0.28703 0.64018
0.08871 -0.03538 0.74958
-0.03238 -0.26084 -0.58322
-0.27117 0.01605 -0.07422
-0.19822 0.34004 -0.24919
-0.17299 -0.24307 -0.43811
-0.13093 0.27843 0.34032
-0.04078 -0.18254 -0.05005
0.03759 -0.00522 -0.19955
-0.25015 0.12845 -0.02032
0.12344 0.22948 0.64766
-0.19396 0.12343 0.16778
-0.02462 -0.31313 -0.73571
-0.27958 0.20525 0.05919
0.06181 -0.02378 0.48919
-0.26978 -0.03561 -0.56914
0.14201 -0.25062 -0.44161
0.19516 -0.20544 0.22030
-0.20176 -0.03557 -0.23994
-0.15099 0.55297 0.38284
0.20376 -0.46116 -0.17659
-0.20892 0.11890 0.08997
0.00532 -0.30169 0.01479
0.17024 0.58771 0.27308
0.32549 -0.05130 0.24116
-0.06599 0.10955 0.31414
0.14912 -0.27464 -0.56026
-0.10501 0.35379 0.42118
0.05132 0.05545 0.77091
-0.10555 -0.10446 -0.33145
-0.02107 -0.07165 -0.30321
-0.14259 -0.22939 -0.31751
-0.21808 0.08191 0.02715
0.35716 -0.55268 0.12731
-0.04632 -0.27253 -0.14840
0.10958 0.48042 0.38210
-0.17899 0.51150 0.02877
-0.28622 0.06580 -0.04612
0.23447 0.36643 0.59113
-0.16304 -0.10138 0.00002
0.09401 -0.13485 0.34246
0.16517 0.63710 0.36504
-0.22745 0.04375 -0.59021
-0.24021 0.06862 -0.09775
0.30878 -0.51988 -0.22799
0.33751 -0.01023 0.41701
0.42826 -0.04624 0.46639
-0.20422 0.42963 -0.03005
0.53401 -0.67209 -0.00354
0.25294 -0.49650 -0.15542
-0.24482 0.20345 0.12141
0.15775 0.48446 0.22445
-0.04566 0.04221 0.37904
-0.29704 -0.11293 -0.41922
-0.13955 0.11888 0.25490
-0.15481 -0.33233 -0.68699
0.10321 -0.21623 0.16781
-0.25777 0.21784 -0.41957
-0.20031 -0.25705 -0.63587
0.27708 0.49901 0.53385
0.02303 0.34615 0.44388
-0.18706 0.03948 -0.05410
-0.03956 -0.27869 -0.63912
0.32938 -0.43167 0.28466
-0.19620 0.55601 -0.13048
-0.21462 -0.00550 -0.67954
0.12929 -0.31546 -0.45194
-0.24337 0.15856 -0.48588
0.28136 0.26901 0.70175
0.10102 -0.31215 -0.20800
-0.09211 0.28842 -0.55316
-0.11593 0.16338 -0.72865
0.09506 -0.34334 -0.01410
-0.30682 -0.19116 -0.57919
-0.32794 0.05552 -0.59660
-0.11231 -0.05797 0.14138
0.05610 0.04335 0.46200
0.14126 -0.20533 -0.32279
-0.04276 0.61929 0.11554
0.00505 -0.33640 -0.48471
0.24523 0.30751 0.68238
0.07636 -0.33745 -0.57760
-0.16908 0.02206 -0.14941
0.37252 -0.10723 0.30396
-0.14526 0.03178 0.17766
0.09893 -0.38629 -0.25169
-0.32213 0.17402 -0.07295
0.19818 0.43782 0.49805
-0.01776 0.47547 0.14792
0.25069 -0.43105 -0.15250
0.03926 0.30146 0.49493
0.10513 -0.23598 -0.27550
-0.18563 -0.19888 -0.49737
-0.18565 0.36257 0.21188
-0.29745 0.12086 -0.38907
0.34605 -0.22987 0.29633
0.30026 -0.32403 0.30423
0.18844 -0.11762 0.54932
-0.03017 -0.30009 -0.24655
0.07423 -0.16395 0.16720
0.04454 0.01824 0.61451
0.15529 -0.00567 0.18493
-0.01004 -0.00303 0.16329
-0.20404 0.42483 0.11627
0.30535 0.04767 0.23695
-0.25106 -0.05331 -0.28499
-0.09289 -0.30155 -0.48299
-0.04158 -0.11681 -0.11751
-0.13965 -0.29598 -0.53445
-0.31361 -0.00456 -0.34574
-0.09271 0.41966 0.17858
-0.10549 -0.00322 -0.10357
-0.10578 -0.29131 -0.71659
-0.13213 -0.18570 -0.13638
-0.00266 -0.15012 -0.40741
-0.31046 0.06112 -0.47413
0.22682 -0.00106 0.45315
-0.05575 -0.29148 -0.31746
-0.04098 -0.34805 -0.64448
0.16681 0.54601 0.31440
-0.28198 0.05961 -0.16308
0.13982 -0.39930 0.00495
0.34363 0.31771 0.69759
0.09794 -0.21826 0.23153
0.21063 0.49781 0.21976
-0.32204 -0.14820 -0.53201
0.26734 -0.50325 -0.01304
0.39269 -0.59766 -0.09965
-0.06700 0.21265 0.45884
-0.32411 0.06180 -0.25307
0.08391 0.04830 0.69967
0.05165 -0.21885 -0.20046
0.08902 0.48558 0.31320
-0.15124 0.55837 0.18356
-0.12344 0.59510 0.13936
0.24688 -0.26472 0.30292
-0.14365 0.13791 0.17912
0.06886 0.20206 0.73640
-0.00229 0.08255 0.21605
-0.15589 0.52192 -0.20722
0.12784 -0.39775 -0.32298
-0.07682 0.32883 -0.38911
0.25003 0.60755 0.45508
0.31232 -0.02355 0.46750
0.34252 -0.52851 -0.06778
-0.00986 0.10974 0.57471
-0.39803 -0.09912 -0.57616
-0.00055 0.33978 0.60094
0.17754 -0.43082 -0.33167
-0.08826 0.66414 0.20793
-0.23500 0.42476 0.02126
0.15961 -0.15908 -0.40255
0.05502 -0.31577 -0.67896
-0.04841 0.40108 0.28896
0.20132 -0.45883 -0.05774
-0.16338 -0.18076 -0.22882
0.04735 -0.36964 -0.68759
0.05000 -0.34362 -0.09244
0.33956 -0.51482 -0.14026
0.22093 -0.42488 -0.09530
-0.20681 0.20417 -0.57892
-0.03711 -0.32825 -0.53442
0.15872 -0.20144 0.32933
0.14321 -0.10617 0.20296
0.10573 0.65815 0.33024
0.08238 -0.18302 -0.45823
0.12505 0.55161 0.16093
-0.09207 0.22773 0.40445
0.25460 0.03196 0.18496
0.07119 -0.28456 -0.62066
-0.35774 0.03147 -0.55910
-0.10561 0.58856 0.04952
0.00264 -0.38158 -0.73711
-0.10634 0.41449 0.45466
0.14832 -0.37953 -0.08317
-0.17479 0.52109 0.08682
0.16023 -0.00612 0.58718
0.34998 -0.50801 0.21799
-0.09337 -0.23971 -0.19185
-0.20507 0.26705 0.16657
0.11533 -0.04863 0.18990
0.20058 0.51249 0.44869
0.24912 -0.49603 -0.08858
-0.31497 0.18914 -0.02354
-0.14834 0.09137 -0.73468
0.16852 0.37930 0.53443
-0.04398 0.13280 0.39825
-0.23382 0.47661 -0.14349
-0.31842 0.14602 -0.18338
-0.11335 -0.23988 -0.56030
0.04631 0.10692 0.62677
-0.11767 0.09559 0.16550
-0.21450 0.36965 0.11231
-0.30926 0.07459 -0.31642
0.16285 0.39461 0.66331
-0.17651 -0.31493 -0.64204
0.19237 0.03238 0.36188
0.04460 0.16554 0.65731
0.01002 -0.04154 -0.17133
-0.00857 0.17723 0.60555
-0.35635 -0.07871 -0.49454
0.20136 -0.41051 0.11646
0.06069 0.58586 0.10959
0.08375 -0.41194 -0.78130
-0.25613 0.02973 -0.65134
0.43763 -0.06014 0.53225
0.35323 -0.13232 0.40527
0.29257 -0.17619 0.39804
0.15768 -0.26773 -0.36030
-0.11864 -0.15383 0.00971
-0.24517 -0.09863 -0.25133
0.04030 0.08023 0.52446
0.26649 -0.35410 0.21921
-0.00438 0.13578 0.48545
0.25462 -0.47881 -0.27552
0.58525 -0.72759 -0.11170
-0.16065 0.33446 -0.33505
-0.26041 0.23785 -0.36958
-0.11541 0.49153 -0.24217
-0.07585 -0.26443 -0.25159
0.27429 -0.13444 0.24435
-0.12228 -0.12011 0.06271
-0.21119 -0.00784 0.04575
0.08567 0.32310 0.51805
0.05891 0.21945 0.63380
0.10474 0.40388 0.46115
0.06218 -0.04852 0.44354
-0.26138 0.35215 -0.09514
0.32032 -0.40903 0.23907
-0.33915 0.03004 -0.42895
0.12617 0.05443 0.33526
-0.16257 0.39506 0.25075
-0.26918 0.40201 -0.01568
-0.28976 0.24154 -0.20787
0.08677 -0.37269 -0.74865
-0.31332 0.26866 -0.09923
0.12557 -0.06860 0.72651
0.07115 -0.29315 0.10696
0.01831 0.04897 0.58447
-0.28399 0.23600 -0.02295
-0.13661 0.38743 0.35187
0.39906 -0.09220 0.34625
-0.28219 0.12775 0.02227
0.29596 0.31441 0.66141
-0.05008 0.17431 0.48830
0.30967 -0.05807 0.62688
0.17233 -0.34388 0.13794
-0.16648 0.38895 0.15266
0.15944 -0.23222 0.19668
-0.29508 0.03573 -0.51477
0.21065 0.05646 0.28468
-0.13736 0.17784 0.26647
-0.24896 -0.28278 -0.62364
-0.07285 0.07739 0.18156
-0.19190 0.06364 0.07611
-0.13670 0.58778 0.08995
0.07283 0.35313 0.63627
-0.11463 0.31316 0.30259
-0.20468 0.17278 0.18255
0.30986 -0.27426 0.27436
0.10497 -0.20886 -0.51457
0.10176 -0.05932 0.54526
0.06280 0.39071 0.43776
-0.01304 -0.07868 0.14957
0.03122 -0.34482 -0.30600
-0.00427 -0.29130 -0.04420
0.00216 -0.10324 -0.33671
0.22004 -0.04353 0.20600
-0.18497 -0.10399 -0.31887
0.30742 -0.12089 0.48540
0.23458 -0.15671 0.43786
0.02026 0.08422 0.27648
0.04791 0.00203 0.17527
0.01670 -0.16807 0.19601
-0.30968 0.35536 0.03340
-0.19704 0.04484 -0.10399
0.32973 0.57147 0.49081
0.09957 -0.33980 -0.06751
-0.13142 -0.26224 -0.62814
0.05742 -0.04153 -0.28476
0.23179 -0.43270 -0.26877
-0.13157 -0.06489 0.01380
-0.26720 0.28092 0.10070
-0.27373 -0.06428 -0.33705
0.36160 0.01070 0.33610
0.04437 0.02878 0.66478
0.20455 -0.44898 0.01780
-0.17975 0.19769 -0.63784
0.15376 -0.33877 -0.38095
-0.20867 -0.17489 -0.46104
0.28821 -0.11352 0.54369
0.31697 -0.04064 0.52293
0.14310 0.00387 0.51019
0.14387 -0.28170 0.15852
0.00867 -0.18457 -0.15091
0.34301 -0.36141 0.28062
-0.14300 0.25716 -0.52781
-0.15117 -0.04432 -0.25129
-0.19864 0.46534 -0.17550
-0.06415 -0.07813 0.12083
-0.01699 0.32675 -0.50353
0.20163 0.09911 0.19610
-0.12466 0.45176 0.42720
-0.08417 -0.05145 0.19131
-0.10129 0.00232 0.13229
-0.24486 0.25102 0.14099
-0.17936 0.36000 -0.29811
0.00013 0.17277 0.51668
-0.24234 0.12804 -0.61962
-0.11862 -0.06553 -0.04422
-0.25212 0.32149 -0.18736
-0.14755 0.50118 0.37929
-0.22985 0.28078 -0.30611
0.04342 0.05082 0.36190
0.02464 -0.21695 0.14626
-0.10017 0.26236 -0.68094
-0.25619 0.07410 -0.54042
0.40452 -0.55732 0.13749
-0.22769 -0.23601 -0.60009
0.20773 0.05043 0.17046
-0.24459 0.42395 -0.06543
0.16842 -0.39038 -0.22633
0.22852 -0.38752 0.19613
-0.13436 0.62528 0.23850
0.15597 0.50033 0.13635
-0.21237 0.37092 0.02455
-0.03515 -0.24452 0.00628
-0.07054 -0.15660 0.01018
-0.08776 0.03033 0.27872
0.07670 -0.02026 0.65067
0.01734 0.01048 0.48859
-0.22743 0.52180 -0.11175
0.11698 0.60555 0.26235
-0.27228 0.24779 0.02257
-0.17115 0.43297 0.06614
0.20291 -0.03396 0.70083
-0.25638 0.33015 -0.23430
0.15334 0.00913 0.42384
0.37740 -0.54327 -0.13326
0.29598 0.39563 0.67768
-0.27470 0.30122 -0.04639
0.09117 -0.37779 -0.15369
0.42820 -0.61850 -0.02482
0.14184 -0.10388 -0.33817
0.04540 0.42388 0.37625
0.62122 -0.74210 -0.13978
0.13115 0.03782 0.17796
-0.12241 0.22072 -0.65048
-0.28223 -0.00874 -0.18032
-0.25706 0.14389 -0.57589
0.05293 -0.11666 -0.21394
0.02338 0.06696 0.43024
0.44241 -0.61883 0.04442
0.13926 0.44325 0.45056
-0.23804 0.50583 -0.04619
-0.08563 -0.27899 -0.65071
-0.05556 0.42249 -0.29364
-0.02725 -0.05923 0.27246
-0.04632 0.29055 0.40149
-0.20898 0.15096 -0.57099
-0.18569 -0.28057 -0.67902
0.11115 -0.17298 0.31120
0.12530 -0.06753 0.61337
0.02752 -0.34637 -0.58641
-0.22232 0.32724 0.17454
-0.08636 0.32558 0.45426
-0.13936 0.02684 0.11710
0.20742 -0.33282 0.17861
-0.12685 0.05407 0.22648
0.36423 -0.08556 0.54659
0.23902 -0.29189 0.22713
0.19977 -0.19115 0.36062
-0.22587 0.17469 0.07904
0.26554 0.01394 0.37907
0.39453 -0.55142 -0.18179
-0.19847 -0.24639 -0.48045
-0.20424 0.24893 -0.48445
-0.20887 0.08512 -0.61933
0.05107 0.13305 0.73419
-0.28475 -0.01909 -0.28128
-0.24937 0.38679 -0.12635
-0.14532 0.35418 0.30664
-0.36277 -0.22700 -0.65339
0.06594 0.07794 0.28530
0.24372 -0.33963 0.26098
0.12724 -0.12533 -0.28636
0.06687 0.46282 0.18791
0.05022 -0.30003 0.00159
0.09978 -0.11276 0.38832
-0.02777 -0.10230 0.21522
-0.15039 0.30749 -0.43667
-0.27208 -0.12441 -0.37485
0.32287 -0.47614 0.15690
-0.32306 0.06052 -0.20631
0.20854 -0.12258 0.71041
-0.24790 0.08815 0.06227
0.27400 -0.49584 0.07046
0.00334 -0.39316 -0.78212
-0.15483 0.53083 0.26846
0.14668 0.08626 0.23565
-0.06824 -0.01790 0.25456
0.07132 -0.34110 0.02562
-0.32024 0.20391 -0.10821
0.10834 0.02026 0.60242
0.09566 -0.38118 -0.09324
-0.17119 0.46813 0.19635
0.13975 -0.00836 0.75369
0.36309 -0.49261 0.26078
-0.05604 0.31390 -0.57717
-0.13792 -0.08232 -0.30116
0.11630 -0.35862 -0.40016
0.08073 -0.13870 -0.24650
-0.28703 0.14745 -0.49585
-0.11473 0.25680 -0.60044
-0.30864 -0.26132 -0.64031
-0.06121 -0.14997 -0.40499
-0.21824 0.04389 -0.68872
-0.29501 0.11051 -0.43374
0.14699 0.51739 0.38614
0.15440 -0.38525 0.04609
-0.23280 -0.14659 -0.32626
0.29594 -0.52801 -0.12544
-0.06475 0.45750 0.14772
-0.06607 -0.32938 -0.58263
0.27040 -0.45669 -0.12014
-0.01207 -0.30166 -0.15959
-0.11047 0.26376 0.37848
0.33890 -0.54940 -0.20994
0.00257 -0.35356 -0.63177
-0.12784 -0.33024 -0.65016
0.07529 0.50278 0.13760
-0.18164 0.27313 0.24178
0.29863 -0.10268 0.64567
0.16354 0.56546 0.23176
-0.09159 0.06939 0.30898
-0.01767 0.22722 0.58401
0.18128 -0.39715 -0.10915
0.02898 -0.10320 0.30086
0.28028 -0.51647 -0.05459
0.42582 -0.00267 0.34828
-0.02661 0.42696 0.22651
0.16794 -0.43323 -0.21129
0.06507 0.07847 0.65679
0.37381 -0.57234 0.04925
-0.11014 -0.31854 -0.58253
0.24670 0.52559 0.48668
0.06708 -0.00215 -0.26438
0.02640 0.44880 0.29527
-0.25727 0.10353 -0.06482
0.05972 0.08171 0.73489
0.33706 -0.48522 -0.24396
0.15417 -0.42604 -0.14917
-0.19309 0.38902 -0.22059
-0.03267 0.09952 0.49060
0.18525 -0.09579 0.75676
-0.24217 -0.07853 -0.20663
0.20773 0.24684 0.65463
0.05603 -0.34452 -0.39821
-0.05279 -0.12894 0.14896
0.36398 -0.09201 0.49990
-0.07655 -0.00532 -0.19898
-0.05383 -0.09545 -0.32319
-0.03356 -0.31540 -0.41187
-0.38307 -0.00457 -0.57366
0.14540 -0.33857 -0.28938
0.32460 0.50911 0.60193
0.45728 -0.60185 -0.16061
0.15578 -0.03532 0.78599
0.15134 -0.20128 -0.41823
-0.14735 0.42140 -0.24875
0.02143 0.09927 0.71666
-0.10216 -0.17516 -0.43837
-0.36926 -0.17216 -0.62857
-0.26457 -0.22670 -0.52689
0.34766 0.00269 0.21172
0.25532 -0.43176 -0.19703
0.40291 -0.02964 0.42807
0.20660 0.39756 0.67992
-0.16482 0.51080 0.16597
0.40613 -0.60601 -0.16841
0.09636 -0.34262 -0.62350
-0.02059 0.02520 0.41183
-0.13109 0.45919 0.10907
0.23148 0.43673 0.68584
-0.05980 0.31761 -0.43268
-0.18974 0.07683 -0.66494
0.21760 -0.05661 0.75666
0.56790 -0.67808 -0.11464
0.05976 -0.23541 -0.54588
-0.20143 -0.11112 -0.16171
-0.22631 0.21389 -0.51564
0.06604 0.00993 0.77947
0.20767 0.57672 0.41622
-0.32705 -0.05179 -0.40406
-0.04681 -0.16909 0.07373
-0.00264 0.10216 0.43744
-0.00357 0.25218 0.48086
-0.00787 -0.12177 0.13509
-0.25930 0.38520 -0.16965
-0.02665 0.31076 0.56827
0.01753 -0.21590 0.09982
0.45399 -0.63930 -0.08890
-0.09285 0.12165 0.25303
0.06056 -0.06570 0.17955
-0.04433 0.66383 0.20264
-0.23553 -0.28957 -0.70718
-0.15492 -0.08947 0.04215
0.11479 0.01718 0.66818
-0.16530 0.55046 -0.17099
-0.25057 -0.18496 -0.51781
-0.18238 -0.21809 -0.53874
-0.38161 -0.13993 -0.57922
0.01920 -0.31532 -0.07271
-0.25704 0.35763 -0.05116
0.30057 -0.36491 0.24494
-0.16730 0.02332 -0.76923
0.15382 -0.38856 -0.04044
-0.31698 0.13750 -0.23200
-0.04746 -0.35839 -0.69324
-0.09624 0.32307 -0.52652
0.08218 -0.18322 0.26094
-0.02741 0.08538 0.35016
0.27007 -0.19176 0.25330
0.16459 -0.01468 0.67119
-0.16695 -0.01267 0.01213
-0.23156 -0.17335 -0.38875
0.19886 0.30823 0.60231
-0.12472 0.08283 -0.80368
0.10933 0.30610 0.55076
-0.24161 0.34182 0.00403
0.05163 0.02421 0.74025
0.10416 0.38002 0.65075
-0.17183 0.06193 0.16038
0.43089 -0.07527 0.37099
0.21601 -0.02363 0.51475
0.34125 0.31324 0.74101
-0.23107 -0.25687 -0.55129
0.01391 0.12732 0.53580
-0.33995 -0.01130 -0.44521
-0.07804 0.34629 0.33091
-0.14317 0.52463 0.05692
-0.09908 0.12634 0.34227
0.12220 0.38018 0.49931
0.23106 0.34722 0.67120
0.27102 -0.50335 -0.20005
-0.04667 0.19937 0.41196
-0.20526 0.07474 0.11997
0.29530 -0.08256 0.23804
-0.32477 -0.00244 -0.29062
-0.12937 0.14314 0.22017
0.14068 -0.11503 0.46718
0.22345 -0.44785 -0.02135
-0.14594 0.18389 -0.70479
0.04313 0.00319 0.57200
-0.07877 -0.31822 -0.73743
-0.25284 -0.17745 -0.43548
0.18134 0.46592 0.46629
-0.40901 -0.03133 -0.61438
0.03453 0.65978 0.24630
-0.11939 0.18555 0.33715
0.38415 -0.58514 -0.01301
0.01062 0.61121 0.13511
-0.08716 0.14461 0.38461
0.00992 -0.02181 0.39847
0.10344 0.04574 0.37375
0.01327 -0.08459 -0.17440
0.33536 -0.15964 0.37237
-0.23779 0.01927 0.02476
-0.20424 0.06151 -0.01288
-0.30684 0.15890 -0.36857
-0.04040 0.22689 0.52199
0.04580 -0.27181 0.07268
-0.25675 -0.02819 -0.13508
0.11285 -0.28509 -0.60125
0.03779 -0.28311 -0.03964
0.40547 -0.60478 -0.05874
-0.00005 0.22032 0.62288
0.46284 -0.08966 0.49884
0.03060 0.16221 0.61508
0.10995 -0.32607 -0.55294
0.16110 0.26037 0.61518
0.45190 -0.08444 0.42305
0.21594 -0.03040 0.60429
-0.28145 -0.13366 -0.45427
-0.28949 0.22321 -0.28497
-0.07680 0.27576 0.45347
0.18221 -0.41150 0.02571
-0.12216 0.30765 -0.39725
-0.20834 0.20433 0.14478
-0.01128 -0.20392 -0.09115
-0.22360 -0.08609 -0.31459
-0.02921 -0.23114 0.05096
0.13938 -0.40907 -0.28337
0.06677 -0.20414 0.14837
-0.26469 -0.20672 -0.56988
0.32752 -0.48132 -0.18411
-0.03711 -0.27287 -0.10666
-0.10425 -0.06543 0.09923
-0.16637 -0.04540 0.07632
-0.00440 0.04654 0.50076
-0.35342 0.03620 -0.51447
0.01434 0.13290 0.68777
-0.18362 0.24464 0.20277
-0.05866 0.09605 0.22254
-0.08046 -0.14793 0.08988
0.25561 -0.30664 0.28781
0.29757 0.47324 0.62383
0.14625 -0.23278 -0.48297
-0.19820 0.28652 -0.39756
0.05854 -0.15113 -0.40846
-0.12549 -0.00487 -0.18944
-0.23514 0.14198 -0.52418
0.20118 -0.45266 -0.23376
-0.15492 0.30725 0.24148
-0.05192 -0.21010 -0.49665
-0.19312 0.41250 0.00711
0.42634 -0.09344 0.45813
0.52594 -0.65047 -0.04844
-0.05664 0.08337 0.40343
0.23344 -0.20823 0.23821
-0.11546 0.32865 0.38645
0.50013 -0.62853 0.00791
-0.18197 -0.20963 -0.35111
-0.19262 0.46660 0.08016
0.32605 0.39871 0.64472
-0.05052 0.02598 0.16091
-0.28833 0.09555 -0.12027
-0.01145 -0.32271 -0.36018
-0.19034 0.30887 -0.35846
-0.09583 -0.10240 -0.03828
-0.28920 -0.28557 -0.66885
-0.26556 0.42112 -0.10793
0.28297 -0.08021 0.70644
-0.22951 0.33028 -0.27823
-0.31638 0.03735 -0.15316
-0.31013 -0.02207 -0.59044
0.41240 -0.02875 0.29705
-0.14280 0.25047 0.30971
0.10410 -0.32942 -0.15759
0.11274 0.02269 0.41075
-0.29032 -0.15716 -0.50387
0.43527 -0.58922 -0.10324
0.37558 -0.52735 0.15526
0.14133 0.06839 0.29645
0.35002 -0.27574 0.31346
-0.23485 0.12025 0.02417
0.05057 -0.10461 -0.33986
0.06331 0.06984 0.60682
0.25385 -0.03316 0.53564
0.42024 -0.60425 0.07693
-0.18286 -0.28583 -0.55671
-0.10882 -0.21758 -0.15986
-0.22399 -0.06735 -0.12335
0.21791 -0.44929 0.05745
0.00613 0.09781 0.61930
-0.03192 -0.37737 -0.76189
-0.28842 -0.01282 -0.22317
-0.16325 0.42717 0.10749
0.04774 0.61283 0.19352
0.13057 -0.36135 -0.12312
-0.08634 -0.21922 -0.07883
-0.06874 0.26376 0.37870
-0.30444 0.10247 -0.05536
0.04565 -0.34455 -0.48943
0.17435 -0.10464 0.58685
0.03895 0.24206 0.56543
0.09016 0.04502 0.17797
0.32026 0.35251 0.65912
-0.17384 0.18146 -0.59998
0.19359 0.60009 0.30522
-0.05310 -0.06620 -0.11726
-0.14921 0.45526 0.31865
0.04367 -0.42166 -0.77637
-0.11225 -0.05086 -0.26419
0.01025 -0.31442 -0.70861
-0.30819 0.03400 -0.62608
-0.25200 0.32922 -0.13612
-0.27683 0.14117 -0.53823
-0.28951 0.08448 -0.24992
-0.09258 0.36944 0.46080
0.01322 0.20182 0.55373
0.43016 -0.58482 -0.19489
0.03841 0.27240 0.61616
0.33484 -0.52564 0.01529
0.09845 0.29971 0.61728
-0.09376 -0.12834 -0.36653
0.34272 -0.55830 -0.03369
-0.00167 0.38888 0.37303
-0.27092 0.21034 -0.33993
-0.24521 0.34697 0.12800
0.01420 -0.05084 -0.28857
0.06063 -0.25798 -0.19101
-0.11899 0.35951 0.25614
-0.10921 0.29567 -0.46001
0.12896 -0.34780 -0.20928
-0.20985 -0.00511 -0.63861
0.11882 -0.01549 -0.24973
-0.02464 -0.21261 -0.02706
0.14604 -0.04703 -0.28863
-0.37240 -0.07297 -0.55329
-0.31170 0.15748 -0.27432
-0.32552 0.27370 0.01857
0.17731 -0.39820 -0.26562
0.21001 -0.13105 0.50347
-0.26747 0.18306 -0.39862
0.14228 0.36322 0.64497
-0.07742 -0.13690 -0.02599
-0.27646 0.35108 0.05697
-0.32339 0.09670 -0.36177
-0.23619 0.14797 0.10820
0.31534 -0.08767 0.56939
0.24335 0.26670 0.68527
0.07285 -0.21316 -0.23487
0.15115 -0.27746 0.21648
-0.30767 -0.04244 -0.36013
-0.07883 -0.19606 0.01994
-0.17024 0.21276 -0.56315
-0.15827 0.23369 0.27587
-0.13812 -0.16730 -0.42101
0.00725 -0.32666 -0.25116
-0.27758 0.16343 -0.02743
0.14360 -0.30154 -0.53031
0.29830 -0.42241 0.20625
0.35383 0.54635 0.58697
-0.22335 0.40011 -0.18118
0.14149 -0.14997 -0.31528
0.11345 -0.07665 -0.31520
0.03786 -0.34727 -0.77066
-0.11812 0.10531 0.28818
0.32463 0.53997 0.52129
-0.07064 -0.30152 -0.43272
-0.17570 0.15439 -0.63451
0.49014 -0.66138 -0.07145
0.32634 -0.38391 0.31226
0.18472 -0.44924 -0.13649
0.15415 -0.18252 -0.35452
0.03357 -0.18588 -0.18580
0.30436 -0.53432 -0.08336
-0.04055 0.00073 0.33005
-0.23179 -0.00838 -0.58090
-0.14501 -0.31033 -0.71932
0.08648 -0.12989 -0.36793
-0.29015 -0.06918 -0.29257
0.03903 -0.34242 -0.19522
0.11549 -0.05831 -0.25353
0.01149 0.03001 0.17149
0.13924 -0.30022 -0.30879
-0.08592 0.42735 0.51156
0.12807 -0.14256 0.19495
0.29367 -0.44212 -0.20327
-0.07097 0.06637 0.34799
0.17429 0.02915 0.17695
0.40925 -0.04720 0.50173
-0.15632 0.03232 -0.81254
0.20192 -0.41839 -0.30232
0.25052 -0.11525 0.64834
0.09734 0.48209 0.26492
0.08828 -0.07898 0.44293
-0.18714 -0.14675 -0.20873
-0.18176 0.49208 -0.20016
-0.07306 0.20666 0.36947
-0.29154 0.10625 -0.01476
-0.19371 -0.06749 -0.01601
0.33581 -0.47173 0.19455
-0.00467 -0.33485 -0.55695
-0.01536 -0.13018 -0.37465
0.11241 -0.17416 -0.43335
0.30831 -0.14912 0.25936
0.27303 0.42580 0.66520
0.26093 0.57061 0.47631
-0.06280 0.12822 0.43312
0.39596 0.00862 0.27442
0.35991 -0.02176 0.24987
-0.19884 0.19014 -0.54253
0.14662 -0.08373 0.67698
0.12672 0.46812 0.41810
0.31193 0.29327 0.69398
0.18116 -0.30261 0.22443
-0.30144 0.31411 -0.12491
-0.19132 -0.18755 -0.31694
-0.30664 0.10946 -0.52817
-0.06179 -0.31624 -0.50292
0.37143 -0.55363 -0.08933
0.18401 -0.41116 -0.05666
0.37467 -0.54196 0.08023
-0.36428 -0.00140 -0.50605
-0.11804 -0.02897 0.10681
0.26533 0.28681 0.64970
0.17377 -0.36151 -0.35223
0.30562 -0.51948 0.07407
-0.11614 -0.17556 -0.03949
-0.10185 0.62466 0.16539
-0.14875 0.34954 0.22617
-0.16846 0.24947 -0.58758
-0.29654 0.16761 -0.10248
-0.30496 0.27519 -0.16644
0.05655 -0.28470 -0.12721
0.30529 0.36280 0.69950
0.32781 -0.22408 0.33097
-0.27266 0.11015 -0.59959
-0.18581 0.12399 0.12339
-0.03399 0.35803 -0.30997
0.46873 -0.60874 -0.11074
-0.30335 0.18263 0.01360
-0.28103 0.28265 -0.08140
-0.09163 -0.21914 -0.50939
-0.22842 0.36461 -0.24293
-0.04442 0.31332 0.53318
-0.27609 0.29119 -0.24410
0.56912 -0.69000 -0.04108
0.13928 -0.41319 -0.24418
0.33333 0.34771 0.72365
-0.32308 0.11949 -0.11672
-0.06623 0.36073 0.51402
-0.15876 0.23116 -0.63989
0.06133 0.18812 0.69932
-0.02113 -0.22274 -0.51980
0.01666 0.36676 0.62361
0.29073 0.02122 0.33217
0.53676 -0.65916 -0.08882
-0.26525 0.06423 -0.12794
-0.18317 0.03039 0.05730
-0.31379 0.26544 -0.06019
0.13041 -0.23121 0.25236
-0.30831 -0.23838 -0.60478
-0.29772 0.13468 -0.14577
-0.29261 0.35345 -0.06685
-0.27392 0.12553 -0.46491
0.38301 -0.52296 0.19337
-0.05105 0.33737 -0.48761
-0.32742 0.05367 -0.39659
0.47994 -0.61929 -0.04546
0.07332 -0.33477 -0.70850
-0.13709 -0.12237 0.02670
0.26572 -0.45870 0.07901
0.33191 -0.34541 0.31481
-0.15769 0.19638 0.23265
-0.11943 0.29490 -0.60711
0.06433 -0.26345 -0.58794
-0.00175 -0.17952 -0.45812
-0.09378 -0.34794 -0.76067
-0.32661 0.04531 -0.29600
-0.18418 0.32319 -0.28544
-0.35611 -0.04093 -0.47612
-0.27601 -0.10291 -0.34060
-0.18226 0.25135 -0.54796
0.28117 0.43614 0.56026
-0.16213 0.05143 -0.74296
-0.03300 -0.17939 0.11581
-0.28449 0.07834 -0.50330
-0.04849 0.13703 0.47768
-0.07862 -0.09111 -0.08400
-0.13142 0.12644 -0.72881
-0.15475 0.56185 0.29604
-0.23280 0.25073 -0.39933
-0.02512 0.63573 0.17071
-0.26261 0.02446 -0.17683
0.36671 -0.57985 -0.12549
0.25179 -0.45056 -0.08677
-0.11539 0.49888 0.09469
0.34692 -0.52258 -0.23762
-0.29170 0.31199 -0.17208
-0.31725 0.08025 -0.56890
0.24984 -0.11799 0.57104
-0.16327 0.11858 0.21557
-0.21371 0.43232 0.05634
0.01176 0.69586 0.26135
0.15919 -0.13756 0.44125
0.34601 -0.39809 0.26896
-0.29392 0.23649 -0.11243
0.45564 -0.06983 0.56497
-0.28041 0.24297 0.07012
0.14695 0.47323 0.17783
0.11787 -0.25214 0.16065
0.28620 0.07168 0.20691
-0.16662 -0.33883 -0.73341
0.13522 -0.13361 -0.36758
-0.14714 -0.14628 -0.38622
0.49527 -0.62841 -0.14786
0.06981 -0.36105 -0.12036
-0.32812 0.01617 -0.22664
-0.26575 0.29379 0.04616
-0.22689 -0.26318 -0.66287
-0.22856 0.44170 -0.17982
-0.18470 0.42769 -0.24013
-0.00131 0.36146 0.40667
0.16844 0.55321 0.35201
-0.02231 -0.16215 0.15112
0.23545 -0.43863 0.12719
-0.22120 0.22319 -0.44203
0.25598 0.09414 0.17745
0.03248 0.12743 0.59521
-0.26000 0.46558 -0.06303
0.06549 0.00293 -0.22440
0.10005 0.27550 0.57173
-0.32101 0.23608 -0.03251
0.10141 -0.33379 -0.47061
-0.00402 0.44678 0.18185
0.06871 -0.35290 -0.04634
0.24974 -0.46684 -0.00118
0.22616 0.27626 0.62500
-0.31474 0.31943 -0.00752
-0.07325 0.34104 -0.35314
-0.01418 -0.27632 -0.00596
-0.27845 0.32857 0.08766
-0.15266 0.31537 0.30328
0.18422 -0.16160 0.21715
0.07264 -0.31361 -0.06121
-0.24848 0.18694 0.04701
0.21872 -0.40955 0.15028
-0.23973 0.10812 -0.54461
-0.13151 0.39609 0.17795
-0.06729 0.52761 0.09183
0.20651 -0.08168 0.21646
0.07930 -0.24366 0.17875
0.18256 0.01659 0.39684
-0.01749 0.15662 0.57415
-0.22565 -0.01591 -0.00479
0.26680 -0.38039 0.25282
-0.24670 0.37511 0.06326
0.16608 -0.22697 0.30221
0.17659 0.41004 0.51228
-0.00756 -0.00728 -0.23225
-0.18840 -0.16136 -0.24972
-0.26451 0.19613 -0.44991
-0.04439 0.49051 0.12514
-0.18507 0.16103 -0.67063
0.08509 0.47096 0.35114
-0.21477 0.13049 -0.65817
0.00069 -0.08802 0.28076
0.21216 0.31352 0.65913
0.08809 -0.39412 -0.71746
0.20194 -0.26123 0.28213
0.37451 -0.54465 -0.22184
0.36667 0.35602 0.70197
0.27300 -0.05544 0.65878
0.08257 0.45113 0.38370
0.15988 -0.00536 0.54940
-0.27495 -0.22817 -0.61929
-0.16582 0.17022 0.19115
-0.20412 -0.32214 -0.69382
-0.09318 0.27778 0.34075
-0.15095 0.13747 -0.68506
-0.18743 0.00079 0.09111
0.10902 -0.18140 0.18101
-0.20108 0.20610 0.21177
0.09337 -0.35469 -0.66170
0.20027 0.53472 0.21909
0.01060 -0.32288 -0.75350
0.01275 0.17095 0.67659
-0.05465 0.60869 0.08103
-0.13018 -0.00638 -0.07400
-0.04849 -0.18333 -0.01326
-0.14491 -0.02310 -0.22091
-0.06342 0.41896 0.20547
-0.04857 -0.14807 -0.08283
0.07483 -0.23835 0.13523
0.09597 -0.19661 -0.26721
0.17030 0.32159 0.62264
0.30663 -0.45379 0.22608
0.10073 -0.29395 -0.24079
0.03219 0.26920 0.52239
0.14559 -0.24997 -0.40434
0.29726 -0.48155 -0.12803
0.04938 -0.41122 -0.81273
0.28028 -0.49811 -0.25409
0.18006 -0.39568 -0.19096
-0.16352 -0.11508 -0.03557
0.12683 -0.31401 -0.48958
-0.08818 -0.12793 0.04959
0.24781 -0.11155 0.71214
-0.20352 -0.07982 -0.08303
-0.03600 -0.25751 -0.03104
-0.02640 -0.27382 -0.06864
-0.30308 0.22161 -0.24575
0.07992 -0.04693 0.51217
-0.14077 0.38967 -0.26722
-0.03021 0.70188 0.24639
0.00346 0.64936 0.20888
0.32047 -0.02186 0.21884
0.14445 -0.06269 0.81343
0.17400 0.51705 0.42287
-0.24711 -0.00527 -0.63906
0.11043 -0.29604 0.11866
-0.17597 0.01497 -0.02209
0.06826 0.07373 0.19601
-0.03137 0.20177 0.44581
0.00938 -0.21896 -0.12211
-0.14499 0.52095 0.41063
-0.04959 -0.32987 -0.75750
-0.09029 0.28652 -0.64888
-0.20253 0.13244 -0.60251
-0.19090 -0.24499 -0.60173
0.05136 0.16599 0.75122
0.23491 -0.20402 0.36314
0.15994 0.52962 0.27998
-0.23737 0.30956 0.10254
0.01459 -0.25156 0.08403
-0.02113 -0.29936 -0.68806
0.22380 -0.46366 -0.28935
-0.09589 0.37685 -0.28598
-0.25719 0.04345 0.00464
0.09849 -0.38578 -0.21262
0.14654 -0.14543 0.40368
-0.02524 0.23905 0.45141
-0.13467 0.31761 0.27104
-0.29847 0.15978 -0.41338
-0.27028 0.27171 -0.28217
-0.07732 -0.24645 -0.56506
0.24147 0.03972 0.30331
0.32630 -0.52769 0.12080
-0.30035 0.14579 -0.30754
-0.06038 -0.01956 -0.23168
0.43333 -0.58377 0.10785
0.40599 -0.08730 0.54105
0.10189 0.06706 0.30186
-0.19270 0.48234 0.04684
0.08116 0.02827 0.43959
-0.34070 -0.15447 -0.56614
0.48468 -0.65939 -0.12140
0.34692 -0.03652 0.49579
0.35228 -0.09093 0.27644
-0.09353 0.33697 -0.32141
0.32260 0.05471 0.19905
-0.06667 -0.27826 -0.28440
-0.23284 -0.24029 -0.51422
0.22968 -0.05448 0.71962
0.17206 0.06540 0.27652
0.42369 -0.02214 0.39325
-0.26192 0.21528 0.08981
-0.15645 0.37142 0.19144
0.18674 -0.39596 -0.33902
-0.20418 -0.22594 -0.56921
0.10962 -0.38046 -0.01324
-0.19169 0.43709 0.14920
-0.13581 0.44175 0.39224
-0.29479 0.06113 -0.27768
0.03839 0.06139 0.32718
-0.18000 -0.16988 -0.43745
0.05912 0.23168 0.59887
0.16012 -0.00189 0.46161
0.33970 -0.17550 0.33683
-0.15638 0.44155 0.27483
-0.34244 0.06931 -0.45843
-0.01755 -0.03203 0.32927
0.06218 -0.01259 0.59891
-0.11486 -0.08904 0.04496
-0.13957 -0.21656 -0.27303
-0.19417 0.26779 -0.45485
-0.27812 0.27113 -0.01496
0.26544 -0.43125 0.19106
0.52486 -0.66503 -0.15925
0.56279 -0.70818 -0.09048
-0.03176 -0.03840 0.15399
0.09804 0.57803 0.17988
-0.16319 0.55319 0.07397
-0.31979 0.20360 -0.15586
-0.16304 0.02833 0.14603
0.31178 -0.33100 0.26733
-0.28726 0.01567 -0.25674
0.25888 0.34687 0.62240
-0.21628 0.50959 -0.14418
-0.02247 -0.24135 -0.55412
0.34101 0.53047 0.64279
-0.17545 -0.13114 -0.12673
0.11903 -0.23748 -0.54413
0.05568 0.19928 0.66518
0.15214 0.42601 0.67873
0.15417 0.32531 0.56484
0.26455 -0.16570 0.41938
0.10941 -0.05920 0.58077
-0.16129 0.27971 -0.50599
0.17568 -0.37896 0.12922
-0.06555 0.17512 0.45138
-0.32860 0.02066 -0.32437
-0.26736 0.43262 -0.03510
-0.17169 0.27067 -0.42403
0.02263 0.44292 0.25575
-0.02990 0.27531 0.43106
0.12658 -0.08636 0.53379
-0.05453 0.17214 0.38938
0.20023 -0.29950 0.19379
0.06398 -0.12194 0.17230
0.03111 -0.26635 -0.07571
-0.06390 -0.22267 -0.01009
-0.12520 0.36416 0.37715
-0.24312 0.50267 -0.08189
-0.00450 -0.33469 -0.52015
-0.34382 -0.11897 -0.50835
-0.12836 0.09410 -0.76861
-0.09190 0.32188 -0.56684
-0.15727 0.12395 0.14869
-0.18517 0.34893 0.16916
-0.07347 -0.25159 -0.16412
-0.04520 0.39865 0.57099
0.08712 0.67415 0.29345
0.45982 -0.05028 0.44196
-0.14125 -0.26468 -0.44743
-0.00394 -0.23209 -0.05686
-0.27210 -0.19648 -0.49121
-0.18658 0.32654 0.22421
-0.01896 0.31323 0.42845
-0.12782 0.01633 -0.12409
0.31821 -0.15141 0.40347
0.15090 -0.08789 0.76438
-0.18706 -0.29982 -0.61105
-0.02944 0.36216 0.37816
-0.03352 0.08036 0.19812
-0.24432 0.26276 -0.34454
-0.00154 0.07511 0.56943
0.29294 -0.47372 0.09715
0.17377 -0.01466 0.62500
0.13649 0.64640 0.34472
-0.13479 -0.24703 -0.58920
-0.12673 0.22905 0.33368
-0.07575 -0.04049 -0.25651
-0.32053 0.10967 -0.18801
0.23807 -0.48327 -0.18532
-0.33329 0.02069 -0.37668
0.07512 -0.07753 -0.22366
0.28184 -0.44352 0.14080
0.06966 -0.36832 -0.24131
-0.05575 -0.20341 0.05357
-0.20565 -0.22586 -0.44106
-0.17185 0.10159 -0.68805
-0.06096 0.38469 -0.28752
0.22558 -0.25728 0.23276
0.15109 -0.37354 -0.19783
-0.22701 0.47198 -0.05013
0.28616 -0.00138 0.20145
0.08412 -0.02084 0.78233
0.03951 -0.29107 -0.63600
-0.14654 -0.04215 0.03942
-0.22405 -0.15191 -0.43352
0.15638 -0.25651 -0.52008
0.39813 -0.55300 0.21569
0.34715 -0.51855 0.09133
0.17876 -0.10548 0.66507
-0.29251 0.20251 -0.04795
-0.21882 0.44924 -0.00227
0.17030 -0.27900 0.18244
-0.12662 0.30132 -0.54986
0.05134 -0.35422 -0.33400
-0.26618 0.32667 -0.07055
-0.20734 -0.13479 -0.39055
0.44654 -0.05796 0.49683
-0.17765 0.39728 0.21362
0.00030 0.51350 0.12372
0.23352 -0.04068 0.65301
-0.18354 0.21706 -0.60695
0.11318 -0.33693 -0.42825
-0.32984 -0.08959 -0.47058
-0.25634 0.06413 0.03736
-0.19663 -0.16681 -0.28393
-0.23483 0.26734 0.10886
-0.11885 0.01085 0.20215
0.38545 -0.10907 0.39395
0.30638 -0.50667 -0.00096
-0.24438 -0.03534 -0.24930
-0.09713 0.44292 0.14611
0.26723 -0.49876 0.02222
-0.31445 -0.07826 -0.42747
-0.20631 0.06558 -0.07666
0.25052 -0.03451 0.59220
-0.28281 -0.00360 -0.54291
0.37912 -0.58568 -0.18375
0.38599 -0.09444 0.47146
-0.14447 0.21263 -0.67713
0.30264 -0.50110 0.13465
0.41267 -0.57267 0.17598
0.03897 0.50931 0.13165
-0.08379 -0.28590 -0.38809
-0.24118 -0.15234 -0.36179
-0.05507 -0.08301 0.19834
-0.36363 -0.20565 -0.61827
0.32913 -0.51404 -0.10635
0.30715 -0.05558 0.58834
-0.05980 -0.11583 0.10532
0.00123 0.17522 0.63958
-0.29822 -0.21412 -0.55356
0.32401 -0.29962 0.31678
0.13340 0.30774 0.60849
-0.09393 0.18560 0.38923
0.45498 -0.63919 -0.16639
0.23570 0.06493 0.25335
-0.08048 0.23909 0.43589
0.01449 -0.32140 -0.14566
0.27495 -0.12568 0.51325
0.19131 -0.45330 -0.09244
-0.03118 0.36645 0.58175
-0.08270 0.56769 0.06980
-0.13479 0.07716 0.14069
0.23675 -0.12899 0.23103
0.21915 0.60595 0.43800
-0.04748 0.28261 0.51605
0.06706 0.65757 0.25981
0.00901 0.06515 0.18751
-0.32384 -0.18272 -0.54947
0.00466 0.30618 0.59156
-0.30122 0.32435 -0.04877
-0.20207 0.36896 -0.27268
-0.14375 -0.01465 0.08666
0.18951 -0.02326 0.19346
-0.13320 0.08557 0.24092
-0.00609 -0.19526 0.13218
0.17632 -0.34836 0.17264
-0.15124 0.56589 0.21795
-0.26778 0.21293 0.02074
0.33786 0.03206 0.22915
0.06985 -0.08264 -0.32019
0.26180 -0.50388 -0.12041
-0.13045 -0.08603 0.08807
0.07816 0.60516 0.20935
-0.21777 0.01775 -0.61315
-0.17119 0.51044 0.12212
0.03366 -0.13840 -0.19422
-0.03933 0.05449 0.41669
-0.10125 0.28897 -0.51815
-0.17376 -0.26717 -0.49726
-0.07269 -0.03868 0.22354
-0.07337 -0.34433 -0.65743
-0.21934 0.32391 0.13334
0.03583 -0.04380 0.40705
-0.22341 -0.08951 -0.17861
-0.09113 -0.28433 -0.68553
-0.18724 0.03935 -0.70743
0.09746 -0.32498 -0.68508
0.04915 0.33384 0.47708
-0.13442 -0.25779 -0.41243
-0.08865 -0.27340 -0.33094
-0.09153 0.12885 0.29486
0.24649 0.39813 0.57145
0.08369 -0.03611 0.18175
-0.19525 0.01156 -0.17012
0.11969 -0.35584 0.07912
0.04462 -0.14648 0.15508
-0.06766 0.30314 -0.52352
-0.03290 -0.19026 -0.47068
0.44789 -0.61294 0.12719
0.05403 -0.08351 0.37277
-0.13512 -0.31928 -0.61779
0.17315 0.51285 0.17396
0.18250 -0.01282 0.52387
-0.05314 0.32320 0.37869
0.02863 -0.33887 -0.45295
-0.14073 0.42235 0.35555
0.21845 0.27964 0.66457
-0.02363 0.08898 0.30026
-0.12052 0.55676 0.05438
0.37174 -0.43041 0.27951
-0.30039 0.07776 -0.60399
-0.01393 -0.09295 0.24951
-0.02744 -0.32652 -0.49254
0.04685 0.12794 0.66001
0.30649 0.50217 0.55252
-0.16958 0.36318 -0.25875
0.12112 0.50628 0.31164
0.08722 0.57001 0.13046
0.12532 -0.09129 -0.27415
0.03467 0.24201 0.64452
0.01982 -0.37955 -0.70643
-0.39265 -0.10693 -0.61289
0.01763 -0.26646 0.01674
-0.00394 0.56580 0.09259
0.10468 0.02466 0.71448
-0.31863 0.10975 -0.30323
0.16385 -0.31263 0.15569
-0.30959 0.28010 -0.13182
-0.27336 0.17285 -0.47573
-0.00682 -0.28542 -0.62974
0.39776 -0.60159 -0.13501
-0.22046 -0.19085 -0.50157
-0.06162 0.13735 0.36226
-0.15361 0.59443 0.28418
-0.10141 -0.35079 -0.72696
0.26424 -0.19049 0.38410
-0.12780 -0.20001 -0.47983
0.03732 -0.13644 0.26518
-0.28649 0.14570 -0.05733
-0.16733 0.06156 0.10821
0.41869 -0.58650 -0.01269
0.39236 -0.07398 0.30800
0.27888 0.45651 0.64758
-0.30027 0.16718 -0.20594
-0.07957 0.33423 -0.45799
0.23551 -0.35418 0.19047
-0.25448 0.29702 -0.21422
0.12985 -0.40785 -0.09016
-0.31042 0.19845 -0.21876
0.05045 0.14851 0.68884
0.13163 0.52296 0.12707
-0.08050 0.62393 0.13699
0.06542 0.46070 0.23776
-0.32271 0.30972 0.05644
0.26819 0.06097 0.23470
-0.15020 0.38388 0.28093
-0.09761 -0.08777 0.13105
-0.32010 0.13910 -0.06494
0.03482 -0.36170 -0.65649
0.17423 0.09713 0.21805
-0.02630 -0.01206 -0.15528
-0.12731 0.33203 -0.31684
-0.29994 -0.00684 -0.31407
-0.10005 0.40207 0.20857
0.20821 -0.41812 -0.24836
0.14172 -0.07124 0.19926
0.36107 -0.53866 0.04243
-0.15411 0.55838 0.34900
-0.26705 -0.26830 -0.68871
-0.31555 0.09480 -0.09399
-0.20871 0.27127 0.20050
0.28740 0.49133 0.66110
0.06528 -0.20045 0.21708
0.07227 -0.00962 0.73390
-0.29253 0.09305 -0.16031
0.46656 -0.63153 0.07263
0.11529 -0.26793 -0.28280
-0.10603 0.21613 0.36989
0.06412 -0.33718 -0.54556
0.06898 0.04296 0.54166
0.40005 -0.05364 0.53823
0.35364 0.57403 0.56315
0.36756 -0.05126 0.56302
-0.24203 0.05663 -0.66758
0.30206 -0.41120 0.26800
-0.27965 0.17767 -0.34550
-0.28064 0.15812 0.03807
0.26752 0.34150 0.69339
-0.33578 -0.18841 -0.60821
0.62488 -0.72744 -0.07620
0.29534 -0.22934 0.34048
0.19330 0.56608 0.28622
0.44822 -0.63392 -0.05294
-0.01974 0.26231 0.57912
-0.25944 0.17533 -0.51101
0.20052 0.00558 0.43238
0.26072 -0.39358 0.18650
-0.41190 -0.07148 -0.59723
-0.21655 -0.29575 -0.62777
-0.30813 -0.27385 -0.69473
-0.29088 0.08988 -0.47182
0.06334 0.53054 0.11991
0.22988 0.44740 0.50627
-0.27853 -0.09764 -0.39496
-0.21746 0.13123 0.13376
0.42328 -0.61878 -0.09131
0.23774 -0.42891 -0.23529
-0.14261 0.06224 -0.82403
-0.29470 0.34360 -0.10330
0.02888 0.19973 0.69129
0.19853 -0.17049 0.39022
0.30775 0.00006 0.40416
-0.00531 -0.02759 -0.26640
-0.28891 0.23870 -0.16915
0.20500 0.04207 0.32576
0.41879 -0.57863 0.04759
-0.14772 0.32580 -0.36525
-0.13870 0.00218 0.16069
-0.30004 0.23264 0.04366
0.36134 0.01923 0.28554
-0.16629 0.30017 0.27267
-0.02841 -0.36766 -0.72560
0.14451 -0.34077 0.11544
0.00243 -0.13022 0.22377
0.36212 -0.13668 0.32141
0.62010 -0.71976 -0.11430
-0.32004 0.10374 -0.23611
-0.05864 0.37873 0.31352
0.34721 -0.56415 -0.06674
-0.20215 0.28868 -0.33150
-0.23088 0.08251 0.09097
-0.22561 0.23045 0.11458
0.05335 -0.18526 -0.47542
-0.07097 0.40229 0.52863
0.35306 -0.00219 0.38567
-0.08119 0.00440 -0.13244
-0.09314 0.26215 0.41385
-0.28608 0.06159 -0.20635
-0.28006 -0.04127 -0.30865
-0.15984 0.47624 0.24915
-0.14052 0.24259 -0.56999
0.32940 -0.55252 -0.14980
0.33846 -0.19739 0.29138
0.06087 -0.34150 -0.00947
-0.11266 0.28055 0.31207
-0.18029 0.40166 0.12470
0.06507 -0.35927 -0.16415
0.20130 0.61066 0.36894
0.36266 -0.35909 0.31165
0.33643 -0.10399 0.48300
0.17334 -0.43973 -0.17871
-0.00340 -0.32583 -0.39624
0.12038 -0.35699 -0.09136
0.11419 -0.05452 0.64232
-0.01085 -0.27704 0.03115
-0.11583 -0.25336 -0.32562
-0.01852 0.10328 0.40784
-0.26074 0.35078 -0.20140
0.09208 0.22651 0.71428
0.47465 -0.61207 0.03796
0.27172 -0.28553 0.25225
-0.24993 0.27476 0.07205
0.13671 0.55850 0.19167
0.01862 -0.08294 0.15981
0.05479 0.05356 0.50946
-0.22583 0.11333 0.05572
-0.11653 0.14390 0.26132
0.11237 0.01395 0.50137
0.24972 -0.05557 0.21588
0.01666 -0.36434 -0.80362
0.15371 -0.40823 -0.34153
0.09411 -0.04097 0.70904
0.20848 0.36930 0.57024
-0.16834 -0.26511 -0.64159
0.28541 -0.45221 -0.27033
0.40222 -0.58930 0.12138
-0.15368 -0.17506 -0.17880
-0.28736 0.02368 -0.10246
0.09849 -0.33645 0.04935
-0.21748 0.04744 0.09119
0.31155 0.03255 0.26608
0.16484 -0.39401 0.08218
