-0.10687 -0.87109 0.05491
0.13509 0.82262 -0.18513
0.59882 -0.03760 0.46088
-0.57065 0.24640 -0.70537
-0.16685 0.01337 0.03691
-0.75843 -0.43585 -0.33217
0.24056 -0.55770 0.47326
0.50135 0.41821 0.06796
-0.16280 0.39509 -0.36295
-0.43116 -0.08066 -0.37106
-0.05429 -0.42369 -0.13005
0.20156 -0.15477 0.25766
-0.47377 -0.32593 -0.02279
0.08892 0.36253 -0.01630
-0.06815 0.02775 -0.33826
0.26552 0.21203 0.27746
-0.03598 -0.45987 0.24320
-0.12673 0.75235 -0.43642
0.53880 -0.38011 0.40776
0.43098 0.70263 -0.08560
-0.11750 -0.13112 0.32825
0.11144 -0.73714 0.24459
-0.34988 0.18503 -0.50065
0.12328 0.07069 0.05749
-0.27753 0.17947 -0.19789
0.04667 0.55270 -0.23998
-0.00096 -0.21731 0.06551
-0.16971 -0.60041 0.04675
-0.37533 -0.08141 -0.10476
-0.23182 -0.34623 0.09845
-0.35784 0.44229 -0.53146
-0.56292 -0.27714 -0.26629
-0.02239 0.16436 -0.12871
0.40660 -0.01114 0.30235
0.28796 -0.32443 0.41275
0.21641 0.58646 -0.06267
0.29024 0.34319 0.07802
-0.08250 0.39080 -0.15760
-0.18204 -0.20340 -0.05873
0.04396 -0.27468 0.34702
0.04275 -0.00905 0.24226
0.64669 -0.20798 0.34319
-0.25617 0.01948 -0.42643
0.16559 -0.48149 0.30069
-0.20650 0.56763 -0.46297
0.43945 -0.19134 0.38758
-0.20398 -0.00562 -0.17663
-0.19116 -0.15854 0.14261
0.45770 0.17728 0.29066
0.02952 0.72978 -0.32423
-0.04341 -0.70989 0.13691
-0.04573 -0.41271 0.06035
-0.25516 -0.46193 -0.04845
0.40430 -0.46609 0.50787
-0.31963 0.29691 -0.34676
0.22781 0.02896 0.20466
0.40688 0.52126 -0.05674
-0.10960 0.60587 -0.31438
-0.38011 0.11981 -0.33343
0.14410 0.23817 0.11869
-0.00838 -0.00106 -0.04326
0.26440 0.77733 -0.07154
0.39810 0.38732 0.21034
-0.43036 0.30888 -0.61759
-0.12376 0.24227 -0.24814
-0.11128 -0.30473 0.22914
-0.33523 -0.23143 0.01423
-0.02411 0.15397 0.04693
-0.50413 -0.18921 -0.12797
-0.17788 0.13938 -0.07037
0.05338 -0.31965 0.19037
0.05168 -0.32224 -0.05907
-0.21390 0.16313 -0.36318
0.05502 -0.58901 0.20799
0.07448 -0.07577 0.09930
0.15774 -0.63995 0.36417
-0.60384 -0.32141 -0.11890
0.15262 0.65947 -0.18737
-0.09596 -0.03353 0.16955
0.18082 -0.32674 0.28809
0.12887 0.46798 -0.12397
0.53589 0.05953 0.35614
-0.32680 -0.05449 -0.25569
-0.00331 -0.85429 0.16852
0.25334 0.44516 -0.02918
-0.26639 -0.09891 0.01021
0.32098 -0.22980 0.30432
-0.48036 0.17876 -0.56933
-0.44678 -0.17906 -0.26293
-0.05287 0.45471 -0.28825
-0.03203 0.29465 -0.06069
-0.15357 -0.73791 0.00318
0.09331 0.21070 -0.01648
0.35417 0.47139 0.07061
-0.04663 -0.54808 0.10710
-0.67511 -0.36007 -0.23662
-0.16857 -0.35217 -0.07609
0.06794 -0.13788 0.31568
-0.14508 -0.54403 -0.08537
-0.30038 0.32022 -0.48502
0.35146 0.24853 0.16073
0.11192 0.10575 0.19305
-0.13056 -0.07229 -0.06655
-0.36926 -0.22241 -0.12242
-0.16371 -0.47436 0.11398
-0.21231 0.34944 -0.24218
0.18687 -0.43550 0.42879
-0.09478 0.07592 -0.20504
0.34992 0.10486 0.24639
-0.32832 0.05457 -0.17254
-0.28803 0.43071 -0.40433
0.22385 0.32391 0.19555
0.08806 -0.18827 0.18653
0.28084 -0.06157 0.31667
-0.34581 -0.37575 -0.00038
0.54852 -0.11748 0.36408
0.41153 -0.32288 0.36179
0.24932 0.16195 0.14108
-0.19628 0.01428 -0.30958
0.31521 -0.45247 0.41295
0.04486 0.36991 -0.13946
-0.26602 0.01211 -0.06388
0.05803 -0.40061 0.31849
0.34241 0.62889 -0.02796
-0.01271 0.05984 0.14420
-0.37589 0.06978 -0.45011
-0.09706 0.62996 -0.44485
-0.09721 -0.99102 0.09183
-0.05763 -0.26240 -0.04338
-0.19167 0.51385 -0.33674
-0.13746 0.28073 -0.13014
0.54263 -0.27772 0.33702
0.52581 0.50021 -0.02778
-0.25533 -0.12064 -0.11209
-0.04595 -0.11288 0.01218
-0.53745 -0.17106 -0.34419
0.15815 -0.04277 0.27897
0.00754 0.48436 -0.14813
0.49734 0.59817 -0.09034
0.21537 -0.23179 0.35840
-0.43299 -0.07220 -0.20689
0.05385 -0.51868 0.30170
-0.42031 0.28824 -0.50339
0.19375 0.32306 0.01618
0.04103 0.67313 -0.21391
-0.20219 0.28912 -0.34022
0.37947 -0.13062 0.30390
-0.27734 -0.29968 -0.05794
-0.02835 -0.18898 0.37088
0.03514 0.11165 -0.04547
0.15656 -0.62752 0.24181
-0.14729 -0.19697 0.24102
-0.08966 -0.50565 0.01157
-0.08779 0.19801 -0.03692
0.10402 0.57771 -0.12726
-0.12348 0.13802 -0.29425
0.46380 -0.04335 0.39186
-0.65048 -0.31059 -0.33270
-0.15824 0.44520 -0.25375
-0.27962 0.23090 -0.42495
0.24715 0.68014 -0.11921
0.24794 -0.40247 0.34241
-0.39867 0.02024 -0.29260
0.63812 -0.14197 0.42936
-0.00088 0.61680 -0.31344
-0.02039 -0.33461 0.28326
0.15705 -0.53846 0.40170
0.07014 -0.44624 0.22116
-0.12234 -0.40380 0.18457
0.31035 -0.50607 0.54299
0.06794 0.16248 0.10910
-0.03265 -0.07390 0.29476
-0.15054 0.00323 -0.41340
0.14298 -0.34520 0.38694
0.13763 -0.09300 0.18570
-0.06081 0.54888 -0.23775
0.43730 -0.41198 0.42001
0.43001 0.08936 0.34497
-0.07987 0.70418 -0.34331
-0.28267 0.12187 -0.44049
0.01948 -0.68786 0.22616
-0.09413 0.01911 -0.10546
-0.55458 -0.25330 -0.05469
-0.32912 0.20225 -0.29117
-0.09837 0.52764 -0.38463
-0.33824 -0.01709 -0.37079
0.00741 -0.32324 0.04419
-0.38000 0.20705 -0.40218
-0.19623 -0.26297 0.15152
0.06558 0.80604 -0.26176
-0.08932 0.35661 -0.25599
-0.24165 -0.44072 0.05216
-0.28325 0.49935 -0.48814
-0.04052 0.28625 -0.16500
0.14208 -0.00440 0.13325
-0.44148 -0.20501 -0.04790
-0.35207 -0.13334 -0.19127
0.30540 0.53615 -0.06945
0.00424 -0.40594 0.14939
-0.18931 -0.07811 0.08017
0.17471 0.75155 -0.11524
0.24424 0.25385 0.09281
-0.08882 0.07336 0.06059
-0.25464 -0.18977 0.07061
-0.04020 -0.55628 0.20960
-0.01865 -0.39034 -0.03644
0.15176 0.44031 -0.02463
-0.10833 -0.77776 0.09141
-0.19845 0.46488 -0.43348
-0.38209 -0.30598 -0.06170
0.19061 0.20579 0.20856
-0.52799 -0.27700 -0.17377
-0.25854 0.10818 -0.12834
0.24579 0.12121 0.23319
0.14675 -0.24146 0.25337
-0.23586 0.34755 -0.41639
-0.08901 -0.24520 0.30383
-0.48257 0.23393 -0.65312
0.41366 0.39981 0.11442
0.44208 0.48697 0.03053
0.31265 0.00757 0.25568
-0.34446 -0.14219 -0.02791
-0.26891 0.27098 -0.24813
0.16447 0.16074 0.06425
-0.11763 -0.10055 0.23651
-0.25400 0.39359 -0.31712
0.10693 0.29104 0.04575
-0.10952 -0.62791 0.11674
0.18749 0.08678 0.12743
-0.18057 -0.63421 -0.04265
-0.33915 0.11647 -0.24534
0.08505 -0.60866 0.30725
0.34069 0.72101 -0.06134
0.28454 -0.15198 0.34627
0.34936 -0.25573 0.39110
-0.14749 -0.44945 -0.08381
-0.21753 -0.52522 0.01068
-0.00324 0.40863 -0.21077
-0.53304 -0.18601 -0.22548
0.11310 0.72718 -0.23780
-0.20624 0.22119 -0.14932
-0.07931 0.16751 -0.20392
0.33066 0.32408 0.21027
0.06640 -0.00760 0.03766
-0.16681 0.61248 -0.38635
-0.36346 0.34236 -0.55145
-0.27943 -0.20617 -0.08893
-0.39960 0.22674 -0.56797
0.40645 0.60781 -0.08958
-0.10515 -0.17789 -0.01674
0.11947 -0.21492 0.33616
-0.16795 0.08494 -0.37165
-0.06488 -0.91631 0.13239
-0.27237 -0.06595 -0.18226
-0.09730 -0.49550 0.17464
0.20481 0.33647 0.10659
0.03374 -0.78466 0.21237
-0.46693 -0.09182 -0.28898
-0.43245 0.14924 -0.49818
0.26311 -0.30002 0.31297
0.00379 0.23803 -0.00089
0.05908 0.30172 -0.08280
0.33621 0.54153 0.01462
0.13294 -0.40137 0.26919
-0.08146 0.46852 -0.20424
0.24102 -0.49077 0.38220
0.12601 0.02976 0.23701
0.03675 -0.24485 0.14108
0.46223 -0.10849 0.32686
0.00846 -0.49171 0.17143
-0.02333 -0.62542 0.15414
-0.43843 -0.21612 -0.18043
-0.45973 -0.26479 -0.10978
0.04768 -0.15832 0.11443
0.12347 -0.54195 0.25282
0.45264 0.58397 -0.01569
0.12069 -0.43809 0.37113
0.51260 -0.18905 0.32883
0.52727 0.00265 0.43049
-0.36216 0.30548 -0.42500
-0.30683 -0.30911 0.04193
0.34277 -0.37765 0.37096
0.23454 0.40091 0.04450
0.20404 0.50591 -0.09195
-0.28050 0.40401 -0.49382
0.06403 0.43363 -0.07810
-0.03168 0.08258 -0.09183
0.26055 -0.46472 0.47841
0.32440 0.18028 0.20566
-0.03626 0.54010 -0.32599
0.34202 0.46111 -0.01349
-0.38716 -0.11914 -0.27371
-0.32936 -0.01051 -0.11759
-0.60165 -0.32284 -0.20401
-0.44346 -0.12230 -0.13477
0.02042 -0.37216 -0.11988
0.33597 0.38071 0.14173
-0.36182 0.37681 -0.47210
0.18816 0.59771 -0.14202
-0.18300 0.06799 -0.02539
-0.10416 -0.68381 0.05378
0.03144 0.20007 -0.07281
-0.38465 -0.00341 -0.19616
-0.05038 0.77527 -0.37734
-0.28065 -0.00419 -0.30476
0.45692 -0.25674 0.33736
0.40505 0.16357 0.22517
-0.45310 -0.15995 -0.35913
0.16884 -0.56199 0.32050
-0.71237 -0.36871 -0.31646
0.28968 0.61285 -0.09796
-0.08792 -0.33583 -0.07365
0.23710 -0.06695 0.24774
-0.14413 -0.27501 -0.07083
-0.40358 0.04094 -0.37960
-0.15822 0.03591 -0.23572
0.48614 -0.31228 0.39086
-0.04838 0.61480 -0.37867
0.36276 -0.06563 0.34869
-0.02641 0.36584 -0.10218
-0.13187 0.52691 -0.28459
-0.13593 -0.55237 0.10889
0.07507 0.49664 -0.18960
0.16968 0.24145 0.04151
-0.02471 0.68702 -0.28322
0.21326 -0.59892 0.40458
0.35067 0.05301 0.30921
0.09606 0.12697 0.00788
-0.12507 0.12049 -0.00993
-0.07656 -0.44936 -0.04758
-0.04993 -0.79235 0.15035
0.00898 0.48162 -0.24600
0.13005 -0.67992 0.30128
-0.07103 -0.38278 0.24146
-0.11416 0.45632 -0.34904
-0.47106 0.26076 -0.56332
-0.04179 -0.03221 0.22813
0.14675 -0.13351 0.31264
0.47187 0.01634 0.33679
-0.14740 0.20851 -0.09235
-0.16332 -0.33866 0.16831
-0.13574 0.68417 -0.39524
0.24039 -0.21843 0.28514
-0.18907 0.29915 -0.18609
-0.19071 -0.05620 -0.11373
-0.27788 -0.37636 -0.04308
-0.14660 0.36450 -0.19363
0.17213 0.66967 -0.10168
-0.32019 -0.07029 -0.05115
0.39428 -0.21185 0.32245
0.01059 -0.06077 0.02920
-0.15164 -0.08500 0.14759
0.04488 0.60387 -0.17944
-0.22698 -0.02323 0.00507
-0.14912 0.33218 -0.30439
0.34619 0.39477 0.06593
-0.41892 0.21936 -0.46902
-0.01204 0.61996 -0.23741
-0.10590 0.00530 0.10394
0.61364 -0.26425 0.30261
-0.18247 0.21589 -0.31729
-0.08837 -0.58783 0.05523
0.06846 0.22068 0.05969
0.47187 -0.44518 0.47963
0.48431 0.14187 0.35223
-0.39796 0.13354 -0.40633
-0.18245 -0.40230 0.12749
0.06483 0.05568 -0.00424
-0.25701 -0.26754 0.08070
0.06039 -0.06647 0.29224
0.27916 -0.39157 0.44620
0.10977 -0.31813 0.24044
0.18211 -0.03273 0.19390
0.21262 -0.31777 0.39397
-0.33981 0.25915 -0.50798
0.12896 0.39678 -0.08385
0.01341 -0.27147 -0.01971
0.35215 -0.17345 0.37076
-0.23479 0.52364 -0.40509
0.53183 -0.07162 0.42705
-0.07535 0.07019 -0.27668
-0.13275 -0.58100 -0.02207
-0.37404 -0.06143 -0.32364
-0.40680 -0.14531 -0.07435
0.30990 0.25255 0.22157
0.11964 0.29722 -0.03120
0.28781 0.46525 0.03623
0.41123 0.42053 0.04294
0.01343 -0.31357 0.12897
-0.00529 -0.12245 0.34267
-0.23842 0.45946 -0.35232
0.58058 -0.18247 0.37424
0.27516 0.68405 -0.05179
0.09942 0.62680 -0.22537
0.04299 -0.19709 0.35039
0.37395 -0.42964 0.45174
-0.49935 0.30485 -0.64894
0.11525 0.72850 -0.16486
0.10325 -0.54468 0.34842
-0.31374 0.35890 -0.38434
0.30373 -0.12347 0.28222
-0.21198 -0.52361 -0.06563
0.50481 -0.16133 0.40205
0.22660 -0.11710 0.32018
-0.42279 -0.26732 -0.01587
0.39896 0.13553 0.29900
0.00463 0.11625 0.10286
-0.04752 -0.21212 0.00957
0.09910 -0.66782 0.22589
0.14068 0.16439 0.16285
0.15322 -0.27359 0.35986
-0.58039 -0.25458 -0.12988
0.34409 -0.31242 0.33993
-0.07066 -0.03315 -0.06242
0.04822 0.66399 -0.28459
-0.32314 -0.16879 -0.13329
0.06153 0.04887 0.20469
0.04611 0.29827 -0.01254
0.57561 -0.33462 0.36670
0.25651 0.51432 -0.01152
0.32021 -0.50249 0.46766
-0.19038 -0.13396 -0.07280
0.40133 -0.12189 0.37279
-0.47952 -0.12482 -0.21901
0.06728 0.50987 -0.11882
0.27696 0.34094 0.14793
0.03258 0.36510 -0.05939
-0.64046 -0.30356 -0.26165
-0.56101 -0.23652 -0.33114
0.14042 -0.15446 0.22204
-0.13299 -0.80937 0.03235
0.28258 0.59160 -0.03097
0.18506 0.08098 0.22573
-0.00412 0.24462 -0.11429
0.16680 0.36882 -0.03142
-0.23803 0.00840 -0.25013
0.35671 0.65763 -0.09128
-0.29513 -0.42614 0.00354
0.27673 -0.26201 0.38248
0.29004 0.07257 0.26970
-0.08351 0.32884 -0.11954
-0.27166 0.32452 -0.29336
0.03324 0.73398 -0.25447
-0.01516 0.67959 -0.35351
0.06635 0.43256 -0.16199
0.53110 0.44017 0.00767
0.28598 0.22099 0.14857
0.20571 -0.50321 0.44682
-0.00290 -0.14748 0.05483
0.21462 -0.00195 0.26577
-0.02039 -0.25284 0.33159
-0.53978 -0.30926 -0.09438
-0.07340 0.10222 -0.14420
-0.32548 0.01640 -0.43117
-0.00049 0.54680 -0.18934
0.08808 -0.25898 0.21154
-0.15906 0.52099 -0.42363
-0.04900 0.21757 -0.16440
-0.00550 -0.62355 0.22132
-0.50822 -0.14753 -0.28612
0.05375 0.09800 0.15650
-0.06053 0.70772 -0.40953
0.41402 0.65282 -0.03776
-0.06350 -0.84968 0.10412
0.01040 -0.54706 0.25637
0.18067 0.26560 0.17017
-0.03456 -0.46112 0.10794
-0.10214 0.40842 -0.30019
-0.09026 -0.56283 0.15897
0.47299 0.53451 -0.06922
-0.08987 0.25345 -0.07652
-0.06890 -0.13117 0.37603
-0.21347 -0.40082 -0.06013
-0.08557 0.29731 -0.21482
0.46488 0.44318 0.12571
0.34751 -0.05062 0.28409
-0.37307 -0.31375 0.00538
-0.00290 0.01520 0.19816
0.09458 0.64619 -0.15476
0.19068 -0.40002 0.30603
-0.14127 0.04718 -0.16482
-0.16287 0.62231 -0.45924
0.41699 -0.25857 0.39441
-0.12240 0.02564 -0.29775
-0.49148 -0.24045 -0.21741
0.09935 0.55918 -0.19783
-0.57351 -0.23676 -0.20329
-0.15338 -0.14124 0.19574
0.48351 0.04602 0.39626
-0.30199 0.11531 -0.18922
-0.21140 -0.29980 -0.07134
0.34103 0.31220 0.14178
-0.13327 -0.64242 0.00507
-0.01576 0.35070 -0.17935
-0.43032 0.33904 -0.55233
-0.42668 -0.01843 -0.33910
-0.34250 0.12333 -0.47685
0.59553 -0.08589 0.41420
0.16850 0.76495 -0.18089
-0.15030 -0.25117 0.20281
0.21774 0.25474 0.24393
0.07642 -0.33967 0.33638
-0.03155 0.43074 -0.14446
0.23499 0.09404 0.17402
0.14455 0.53401 -0.09684
0.40611 0.54016 0.01565
-0.37105 0.05891 -0.24541
-0.42647 -0.03361 -0.26702
-0.00384 -0.41761 0.28199
-0.18752 -0.51708 0.06855
-0.51598 -0.21256 -0.28327
-0.11319 0.08771 -0.33575
-0.20723 0.00681 -0.38073
0.00633 -0.74027 0.17272
0.06457 -0.37997 0.21327
-0.38185 -0.20055 -0.01907
-0.24604 0.27276 -0.38815
0.09116 -0.12758 0.15653
-0.23061 0.11052 -0.39691
0.19081 0.14116 0.20307
0.56231 0.05791 0.41499
-0.28676 -0.37042 0.04271
-0.02611 -0.31767 -0.07257
0.01375 0.31211 -0.12737
-0.32548 -0.25995 -0.07378
0.13565 0.34736 0.02946
0.44791 -0.17675 0.32013
-0.22278 -0.13249 0.07654
-0.28734 0.05224 -0.11766
0.04579 -0.64106 0.26055
0.17517 0.81215 -0.13502
0.20709 -0.37556 0.42157
-0.20062 0.45400 -0.30138
-0.54453 0.24595 -0.64498
-0.30462 -0.17698 0.02638
0.46606 -0.11198 0.39162
0.36203 0.56420 -0.07676
0.18695 -0.17810 0.33334
0.20561 0.20098 0.09095
0.28903 -0.35427 0.34266
0.07649 -0.46025 0.33158
-0.08934 -0.18435 0.34762
-0.01712 -0.37071 0.10144
0.18160 -0.09982 0.23371
-0.23621 0.16518 -0.14394
-0.22543 0.07749 -0.07120
0.07126 -0.52850 0.22006
-0.09179 0.02697 -0.39670
0.10809 0.01002 0.08148
-0.34715 0.24045 -0.35065
0.39539 -0.36595 0.41138
0.18665 0.70545 -0.16140
0.46791 0.47602 -0.02641
-0.10934 -0.92993 0.08435
-0.14878 -0.00611 -0.12246
-0.03093 -0.05733 -0.01744
-0.49832 -0.22321 -0.06641
-0.23175 0.40358 -0.44369
-0.10749 0.69099 -0.45298
-0.12572 0.57485 -0.43970
0.19446 0.48784 -0.03316
-0.15009 0.00881 -0.35083
-0.31286 0.44968 -0.46564
-0.45162 0.20461 -0.52080
-0.29582 0.45658 -0.53128
-0.39045 -0.17773 -0.17115
0.09529 0.77795 -0.20712
-0.10121 -0.11114 -0.02834
0.03204 0.79520 -0.31233
0.15555 0.29298 0.09299
-0.03140 0.73877 -0.32268
0.29508 0.39834 0.03188
-0.09413 -0.39485 -0.08967
-0.06556 0.60189 -0.27170
-0.26118 0.17136 -0.41107
0.41202 0.02193 0.35384
-0.36722 0.17813 -0.34757
0.10071 -0.01823 0.26558
0.32309 -0.43984 0.48442
0.29093 0.28375 0.11897
0.39199 0.59575 -0.01406
0.49967 -0.39833 0.45116
0.15955 -0.62045 0.30505
-0.39446 -0.02577 -0.39322
0.43713 0.41335 0.17133
0.11450 -0.47362 0.25278
-0.07256 0.15034 0.01011
0.41035 -0.07163 0.30854
-0.61128 -0.27276 -0.30531
-0.11115 -0.49615 -0.06929
0.50053 -0.22640 0.37509
0.40886 0.46502 0.09604
-0.22437 -0.22110 0.11277
0.37025 -0.51340 0.53819
-0.20045 -0.58167 -0.02020
-0.23689 -0.24512 -0.06774
0.00967 -0.48748 0.27152
0.00612 0.55372 -0.28471
0.30108 0.14178 0.24600
-0.30595 0.18773 -0.45939
-0.64857 -0.35575 -0.29066
-0.30866 0.25826 -0.29895
0.26918 -0.52095 0.43532
-0.27061 0.00192 -0.36367
0.40116 0.45881 -0.00328
0.34516 -0.00477 0.32451
0.17063 0.45533 -0.08280
-0.15267 -0.02990 0.09100
0.22508 0.65540 -0.06806
-0.53392 -0.30787 -0.03474
0.51143 -0.01475 0.36936
-0.15912 0.45284 -0.38834
0.14128 0.53953 -0.15627
-0.16612 0.27465 -0.29493
0.65460 -0.19121 0.40001
0.40989 0.07775 0.28913
-0.06845 -0.29479 0.27799
-0.44619 0.21749 -0.60385
-0.39783 -0.15224 -0.22443
-0.41283 -0.34516 -0.02576
-0.06748 -0.50457 0.06668
0.45750 -0.04444 0.33231
-0.64583 -0.34431 -0.17083
-0.38940 -0.04650 -0.15574
0.46589 0.64999 -0.06628
0.21378 -0.45009 0.33441
-0.32204 -0.33663 -0.04660
-0.05984 0.04214 0.11332
-0.16511 0.56680 -0.34896
-0.45818 -0.16760 -0.09299
-0.39106 0.29108 -0.57732
-0.12019 -0.22894 -0.04294
-0.33458 0.38829 -0.52830
0.10067 0.34283 -0.07618
-0.11446 0.18422 -0.24798
-0.17345 -0.20239 0.17749
-0.40192 0.36031 -0.59916
0.24229 0.31217 0.06450
-0.08858 0.12311 -0.24111
0.51064 -0.07295 0.35939
-0.44047 -0.30237 -0.06531
0.00999 -0.27438 0.07644
0.48000 0.52860 -0.00359
-0.08992 -0.08602 0.29402
-0.21121 0.39932 -0.27276
0.22617 0.71355 -0.07419
-0.08523 -0.44708 0.20507
0.13661 0.60329 -0.18629
0.46763 -0.36211 0.41507
0.35676 0.43035 0.11209
-0.23046 0.25980 -0.19810
-0.07798 -0.72091 0.09125
0.21871 0.39980 -0.01162
0.21404 -0.54210 0.37611
-0.27912 -0.03284 -0.23009
-0.05545 -0.41932 -0.00176
-0.47904 -0.11029 -0.34317
0.32285 -0.10818 0.34548
-0.69570 -0.40229 -0.27206
0.10856 -0.59625 0.22936
0.29349 -0.04925 0.26152
-0.31903 -0.08818 -0.20927
-0.18935 0.34367 -0.35467
0.25952 -0.16060 0.27828
0.02546 0.18057 0.06035
0.33180 -0.17353 0.29657
0.06478 -0.73029 0.21127
0.02027 -0.33447 -0.01097
-0.14542 -0.64681 0.07097
0.18097 0.03322 0.15313
-0.01596 -0.37075 0.02142
-0.10229 0.74655 -0.38462
0.33346 -0.38973 0.42729
0.58593 -0.23271 0.34675
0.15795 -0.47918 0.40506
-0.11104 0.65384 -0.34598
0.00181 -0.67330 0.17346
0.20806 -0.27631 0.29159
0.13231 0.19568 0.02290
-0.11705 -0.24896 0.25398
-0.41956 -0.12970 -0.32385
0.20543 0.14276 0.10964
-0.20321 0.05720 -0.40767
-0.01464 -0.56807 0.15974
0.23529 0.06454 0.24888
-0.13329 -0.73903 0.05667
-0.22414 0.22677 -0.36214
0.37844 0.34164 0.18216
-0.05175 0.00924 0.16914
-0.32314 0.39587 -0.43469
-0.48444 -0.15433 -0.16864
-0.31970 0.06470 -0.46060
-0.29341 0.21968 -0.24746
0.22368 -0.35380 0.31376
-0.24881 0.45511 -0.47895
-0.27110 0.48231 -0.42101
0.01225 0.05169 -0.04538
-0.11494 0.48954 -0.24485
-0.27209 0.29511 -0.43324
-0.38768 0.25659 -0.43789
0.10090 -0.38815 0.35332
0.23727 0.62459 -0.11677
-0.40108 -0.26709 -0.09791
0.27535 0.30598 0.20993
-0.06004 -0.60568 0.10133
0.03434 0.00740 -0.00750
0.40170 -0.26751 0.33842
0.10938 0.46516 -0.06751
0.35981 -0.31026 0.39980
0.30485 0.68270 -0.09943
-0.12627 0.42349 -0.21304
0.11990 -0.07961 0.29700
0.25812 0.56369 -0.09245
0.05712 0.55698 -0.14996
-0.17100 0.16112 -0.32080
0.24177 0.18342 0.23551
0.21613 0.79375 -0.09479
0.02473 -0.44087 0.18885
0.03572 -0.10506 0.07149
0.19657 -0.55778 0.43883
0.13896 -0.58403 0.37497
0.20515 -0.07012 0.29899
-0.54804 -0.21168 -0.16042
0.11876 -0.49373 0.36736
-0.29212 -0.10990 -0.15260
-0.12184 -0.18220 0.28836
-0.39844 0.34708 -0.50737
0.27172 0.13610 0.18498
0.01664 0.41778 -0.10257
0.45797 0.12215 0.30737
0.03363 0.60299 -0.27207
-0.06630 0.49105 -0.32810
-0.25469 -0.46992 0.00654
-0.04190 0.10778 0.07218
-0.21930 0.02172 -0.02658
-0.20323 0.56923 -0.40289
0.17594 0.38555 0.02072
-0.20140 -0.45724 -0.06114
-0.23188 0.51900 -0.47035
0.13982 0.62690 -0.11518
-0.52325 0.27266 -0.69460
0.27518 -0.43890 0.37738
0.60461 -0.13404 0.38545
-0.05586 -0.08849 0.34359
-0.50286 0.19636 -0.61819
0.22858 0.74278 -0.12311
0.36138 0.16021 0.25864
0.45767 0.43706 0.01112
-0.07340 -0.65005 0.15189
-0.40676 0.11723 -0.45815
-0.47504 -0.26311 -0.03250
-0.38277 0.39654 -0.55346
0.02916 -0.32613 0.31184
0.11545 -0.05242 0.13412
-0.35266 0.15276 -0.29391
-0.26622 0.36313 -0.45934
-0.00191 0.12852 -0.08895
0.01154 -0.05569 0.26831
-0.09575 -0.45980 -0.10689
-0.23614 -0.17325 -0.08628
-0.16795 -0.68555 0.00688
0.16671 0.58520 -0.09284
-0.05399 -0.50381 0.21366
-0.38079 0.06939 -0.30742
0.20034 0.65130 -0.14630
-0.06683 0.66381 -0.30833
-0.12670 0.33132 -0.15561
0.06816 0.24735 -0.04754
0.26061 0.50374 -0.06453
0.02193 -0.35585 0.16181
0.27419 0.72728 -0.09714
0.08808 0.40131 -0.12355
0.10258 0.41839 -0.04133
0.06902 -0.70351 0.25798
-0.05089 0.24220 -0.04093
-0.60655 -0.27352 -0.22533
0.15441 -0.40328 0.40017
-0.13079 0.30094 -0.26377
0.02371 -0.54165 0.18685
0.06842 0.72194 -0.20827
-0.50439 0.25883 -0.61072
-0.60554 -0.28330 -0.16779
0.48635 0.06802 0.33398
0.29088 -0.00959 0.30163
-0.14587 0.06490 0.01321
-0.15190 -0.15920 -0.04525
0.42252 -0.45652 0.45836
-0.23552 -0.07349 -0.13751
-0.04582 0.40276 -0.24273
-0.19561 0.17669 -0.11104
0.50872 0.09517 0.38530
0.42005 -0.06492 0.37000
-0.54199 -0.22132 -0.10818
-0.13318 -0.45635 0.15395
0.23598 -0.42551 0.45175
0.15438 0.28158 0.00620
-0.08034 0.57911 -0.40215
0.11222 0.19136 0.11605
-0.04698 0.02493 -0.08128
0.56698 -0.02992 0.41621
-0.12492 -0.35145 0.20296
0.36476 0.67682 -0.04235
0.27955 0.08394 0.21604
0.25963 -0.01374 0.24025
-0.28022 -0.03645 -0.04265
-0.08783 0.24567 -0.20292
0.09357 -0.29400 0.35714
0.03144 0.44800 -0.20354
-0.41337 0.17256 -0.44493
-0.10777 -0.68006 0.10787
-0.20112 -0.44602 0.08952
-0.20340 0.38695 -0.40239
-0.57273 -0.22530 -0.26715
-0.02316 0.73017 -0.37592
-0.55912 -0.30764 -0.14430
-0.04756 -0.37024 -0.09004
-0.03973 0.49710 -0.18956
-0.50835 -0.28003 -0.12483
-0.28805 0.34907 -0.33684
-0.40573 0.18273 -0.54000
0.25343 -0.19364 0.35302
-0.23390 -0.34505 -0.05764
0.20451 0.55333 -0.11409
0.16441 0.10578 0.08448
-0.08417 -0.06362 0.22057
-0.04283 0.19262 0.00217
0.09180 0.68107 -0.25007
0.07651 0.74631 -0.28098
0.00661 -0.79392 0.16875
-0.73490 -0.38861 -0.35913
0.37758 0.41462 0.15726
-0.17442 0.39521 -0.23602
-0.29431 -0.24923 0.04918
-0.47814 0.30388 -0.59731
0.22198 0.53717 -0.04310
0.35766 0.50725 -0.04722
0.30906 0.43072 0.07191
-0.24064 -0.39156 0.07459
0.20367 0.28146 0.04566
0.15963 0.21331 0.16152
-0.16807 -0.49847 -0.09475
0.44808 0.57723 -0.08497
-0.30954 0.24888 -0.46719
-0.11010 -0.82928 0.08618
0.20266 -0.49996 0.34263
0.13203 0.12358 0.04475
-0.58736 -0.28272 -0.08717
-0.21740 -0.29974 0.12214
-0.19324 -0.02988 0.04667
-0.14224 -0.14632 0.24925
0.18166 -0.20498 0.26330
0.04103 -0.58461 0.27351
-0.04881 -0.86831 0.14954
-0.16401 0.48662 -0.28653
-0.27334 0.06793 -0.43928
0.14746 0.05552 0.09985
0.50778 -0.13574 0.33935
0.24093 -0.11586 0.26234
0.25760 -0.51493 0.49520
0.17560 0.34801 0.06115
-0.47203 -0.17629 -0.31480
0.30469 -0.19399 0.36671
-0.14538 -0.39886 -0.07886
0.53368 -0.32708 0.40127
-0.42479 -0.23630 -0.13580
-0.31774 0.16253 -0.24437
0.45412 0.43952 0.06241
0.39501 0.73405 -0.06834
0.02679 -0.20745 0.10687
0.34340 0.42545 0.02570
0.36028 0.00988 0.27844
-0.37473 0.02895 -0.41944
0.08578 -0.65975 0.28744
-0.36552 -0.10951 -0.06388
-0.12139 -0.08309 0.18923
-0.16719 -0.58131 -0.05901
-0.10648 -0.56116 0.01620
0.40002 0.49581 0.05711
-0.01439 -0.40726 -0.10403
0.15122 0.71299 -0.19654
0.03314 0.25781 -0.08220
0.29239 0.47622 -0.03599
0.03918 -0.64997 0.19783
-0.22528 -0.08680 0.04616
0.00444 -0.25579 0.03009
0.14582 -0.68314 0.23621
-0.13781 0.16563 -0.05543
0.25098 -0.03633 0.28483
0.24050 0.44524 0.01918
0.36463 -0.49010 0.48706
-0.00378 0.77588 -0.34164
0.03456 -0.44407 0.29997
0.61289 -0.08771 0.46102
0.10305 -0.36761 0.24254
0.34637 0.05535 0.25957
0.05082 0.15882 -0.04234
-0.07639 -0.75660 0.12588
-0.47065 -0.24969 -0.16297
-0.14523 0.19541 -0.28534
0.43274 0.03971 0.31238
-0.11995 -0.53472 -0.03931
0.49326 0.46729 0.02766
-0.02088 -0.51391 0.13827
0.31031 -0.27703 0.31436
-0.23322 0.29936 -0.22917
-0.38370 0.32192 -0.46619
-0.35694 0.29281 -0.54180
-0.35773 0.26666 -0.39501
0.56365 -0.12516 0.41132
0.25756 0.35717 0.04403
0.32802 0.58292 -0.01432
0.14922 -0.57665 0.27625
0.15387 -0.29293 0.26474
0.18934 0.03654 0.24863
-0.05548 0.33492 -0.20532
0.01963 -0.36641 -0.05566
-0.07041 -0.46388 0.03951
-0.13843 -0.59929 0.08948
0.18474 0.30012 0.13239
0.05902 0.26329 0.01907
0.11891 -0.20277 0.22156
-0.26688 -0.33290 0.06685
-0.62746 -0.35148 -0.24288
0.38799 -0.02024 0.34858
-0.07830 -0.33547 0.25102
-0.26841 -0.14699 0.03949
0.29557 0.19896 0.24030
-0.09949 -0.63517 0.05136
-0.02873 0.58885 -0.34237
0.04396 0.46394 -0.11059
-0.05053 0.66222 -0.39532
-0.55862 -0.29131 -0.20878
-0.49518 -0.30569 -0.06410
-0.45273 -0.06813 -0.32936
0.20928 0.44542 -0.05162
-0.05722 0.14847 -0.16509
0.46447 -0.26926 0.38530
0.12093 0.26040 0.08054
-0.27624 0.40375 -0.35892
-0.02215 0.57410 -0.22311
-0.45844 0.27814 -0.64222
-0.05631 -0.59318 0.18279
-0.22138 0.12308 -0.10127
-0.39650 0.08691 -0.36654
-0.09616 0.55748 -0.27366
0.01724 -0.23711 0.36119
0.36543 0.10097 0.29650
-0.09540 -0.88563 0.10064
0.41495 0.65745 -0.08979
-0.34788 0.35211 -0.43325
0.37199 -0.41327 0.40658
0.39440 -0.20796 0.38576
-0.39938 0.00669 -0.24654
0.13812 0.69932 -0.13441
-0.09005 0.10942 0.02796
-0.09764 0.06186 -0.13516
-0.13413 0.49371 -0.38714
-0.12236 0.03923 0.06003
0.51518 0.55698 -0.06868
-0.21996 -0.49145 0.04442
-0.17655 0.26361 -0.15155
0.29772 0.50766 0.01672
0.35303 0.61027 -0.08684
0.26337 0.02789 0.26325
0.30300 0.38839 0.09296
-0.19296 -0.11894 0.11116
-0.05371 -0.16587 0.01917
0.03064 0.40012 -0.17329
-0.26308 0.22351 -0.20830
0.11947 0.25157 -0.00552
-0.12961 -0.51288 0.13451
-0.33542 -0.03454 -0.31726
-0.18963 -0.24978 -0.06797
-0.01733 0.51269 -0.28921
-0.15020 0.66664 -0.43690
0.51593 -0.23761 0.33166
-0.14867 0.04725 -0.39299
0.07210 -0.23446 0.35145
0.35078 0.28973 0.18405
-0.07038 0.29536 -0.08840
-0.67643 -0.34884 -0.34271
0.49657 -0.28922 0.35102
0.41254 0.44154 0.14053
-0.09999 -0.29061 -0.06501
-0.24309 0.36281 -0.28308
-0.07600 -0.64915 0.08978
0.62713 -0.17052 0.36583
-0.19460 0.02278 -0.26263
0.30031 0.44073 -0.00551
0.04432 -0.48153 0.20228
0.01201 -0.60069 0.18076
0.03568 -0.10417 0.31048
0.05493 -0.35470 -0.09340
-0.32645 -0.21201 -0.10651
0.51838 -0.11147 0.40648
0.50274 -0.03490 0.41708
0.55476 -0.15886 0.34310
0.54966 0.02341 0.38600
0.08081 0.68157 -0.18209
0.18183 -0.60003 0.34437
0.10045 0.13535 0.15876
-0.19002 -0.56024 0.02472
-0.13738 0.37391 -0.32173
0.11254 -0.16382 0.32195
0.05874 -0.18830 0.15027
-0.15383 -0.29727 0.18756
0.08077 0.01669 0.23236
-0.09919 0.78290 -0.41353
0.13177 0.40105 -0.00952
-0.45323 -0.20582 -0.22543
0.16716 -0.59926 0.41079
0.28802 0.18092 0.17671
0.29753 0.63812 -0.03587
-0.37595 -0.24580 -0.00300
-0.31882 -0.40656 -0.03130
0.65060 -0.25275 0.33147
-0.36619 0.10881 -0.28770
-0.36709 -0.34593 -0.04053
0.08563 -0.03038 0.07768
0.15656 0.32599 -0.01691
-0.30283 -0.13737 0.00235
0.36087 0.14032 0.21678
0.35712 -0.26883 0.32585
-0.04184 0.64423 -0.27458
0.10970 0.50209 -0.15936
-0.52332 -0.24718 -0.25343
-0.41825 -0.08644 -0.14954
-0.34343 0.01485 -0.15437
0.24078 -0.55187 0.41600
0.02810 -0.15413 0.33854
-0.07763 -0.07242 -0.03710
0.41269 0.17905 0.26796
0.06932 0.59385 -0.23691
-0.33992 -0.18067 -0.00298
-0.02194 -0.28977 0.30416
0.35213 0.50761 0.04128
0.21955 0.32766 0.14992
-0.42436 0.26556 -0.60354
0.21922 0.36540 0.06927
0.30977 0.03435 0.29280
-0.37098 0.22058 -0.53267
-0.44802 0.15194 -0.54122
-0.33069 0.32836 -0.52267
-0.44637 0.34939 -0.60346
0.06470 -0.23604 0.17963
-0.30875 -0.03090 -0.07790
0.28290 -0.20357 0.29280
-0.00402 0.27278 -0.02945
0.01332 0.75605 -0.28909
0.00829 -0.37534 0.29405
0.46553 0.00451 0.39074
0.31801 0.22318 0.18773
-0.08230 -0.80448 0.11750
0.18269 0.54672 -0.07464
0.11805 -0.62790 0.33188
-0.43976 0.24817 -0.51241
0.00093 0.67032 -0.24964
-0.73247 -0.40756 -0.29818
-0.55477 -0.19938 -0.30281
-0.20430 0.01512 -0.21897
0.15479 0.48847 -0.05512
0.46492 0.07987 0.37257
0.34512 -0.47353 0.52440
0.13655 0.76091 -0.21461
0.09600 0.32706 0.01091
0.37233 0.38011 0.11479
0.25528 0.62308 -0.04848
-0.17677 -0.09179 -0.08168
-0.33824 0.31058 -0.38700
-0.16558 0.12155 -0.34191
-0.38142 0.15306 -0.49577
-0.59564 -0.30668 -0.27992
-0.04919 -0.42777 -0.08390
0.06685 0.34820 -0.10662
-0.02286 -0.24742 -0.00815
0.17054 -0.31030 0.37981
0.33382 0.35699 0.10245
0.01448 -0.33502 -0.09410
-0.12853 -0.70591 0.02247
0.29792 0.55000 -0.00877
-0.03641 -0.37573 0.26918
-0.35775 -0.11233 -0.23055
-0.00561 0.19091 0.02937
0.14085 -0.44481 0.27724
-0.14198 0.60525 -0.34796
-0.07152 0.43118 -0.17381
0.19371 0.44368 -0.00929
0.32044 -0.04289 0.32610
0.11185 0.50391 -0.09209
0.54198 -0.05508 0.38679
0.28312 -0.48356 0.41215
0.12573 0.78036 -0.17402
0.43401 -0.36127 0.38569
0.24814 0.34636 0.10226
-0.22104 0.32120 -0.38353
0.15410 -0.52457 0.29899
-0.10571 -0.02251 -0.08786
0.27957 -0.24778 0.30079
0.36024 0.38213 0.18547
-0.52528 0.22930 -0.68140
0.16394 0.49861 -0.11541
-0.23993 0.01476 -0.30135
0.31909 0.68204 -0.04552
-0.39897 0.02895 -0.33711
0.20483 0.28892 0.21877
0.28746 -0.48413 0.50783
0.30196 -0.39424 0.36597
0.20642 -0.27904 0.37333
-0.30001 0.36147 -0.50120
-0.35786 0.41536 -0.49631
-0.00496 -0.10538 0.04128
-0.32082 -0.34701 0.02219
-0.17958 -0.63875 0.00137
0.25188 -0.29728 0.39204
-0.44232 0.29741 -0.54363
0.12474 0.68554 -0.22096
-0.42352 -0.14753 -0.28333
0.16329 -0.21494 0.34133
-0.33650 0.08425 -0.21533
-0.50701 -0.15227 -0.23985
-0.28967 -0.00001 -0.40336
0.39208 0.12702 0.24609
0.16852 -0.00343 0.26206
0.28196 -0.10367 0.32946
-0.49653 -0.15647 -0.36529
-0.28050 -0.16515 -0.10468
0.38296 0.69713 -0.08890
-0.18954 -0.35443 0.13677
0.09309 0.08393 0.01610
-0.40893 -0.03468 -0.21517
-0.51979 -0.18053 -0.17306
0.21376 0.05567 0.17246
-0.07013 -0.55080 0.07009
-0.24014 0.20330 -0.17066
0.44849 -0.29991 0.35635
-0.04252 -0.66749 0.17767
-0.07869 0.11439 -0.19164
-0.03622 -0.74945 0.16793
-0.05892 0.56465 -0.36682
0.01104 0.67128 -0.31946
0.30267 0.23768 0.26208
-0.00587 -0.33171 0.08500
-0.02179 0.43903 -0.24724
0.24089 0.20757 0.11592
-0.04018 -0.41799 0.25462
0.01362 0.32711 -0.04943
-0.07591 -0.95820 0.11108
-0.21878 -0.16327 0.10716
0.10529 0.77946 -0.24953
-0.00432 0.19967 -0.11062
0.02834 0.22021 0.03041
0.56737 0.02102 0.43759
-0.27149 0.53676 -0.46810
0.04426 0.12845 0.12202
0.32556 -0.34604 0.41464
-0.58990 -0.33310 -0.16120
-0.10304 0.05634 -0.24284
0.06351 0.39634 -0.05605
-0.00752 -0.57878 0.23293
-0.34420 -0.04824 -0.10248
-0.13669 -0.04825 0.13052
0.12039 -0.27265 0.23935
-0.25172 -0.05943 0.00073
-0.23238 0.01006 -0.34536
0.14464 -0.35985 0.26982
0.39668 0.05763 0.33520
0.31106 0.32117 0.10964
-0.05965 -0.22825 0.33031
0.10891 -0.43111 0.24941
-0.26886 -0.42190 -0.04079
0.06351 0.75710 -0.23252
0.03524 -0.28485 0.15670
-0.09637 0.10470 -0.29479
-0.15437 -0.38848 0.16044
-0.13081 -0.49361 -0.11550
0.20188 0.77504 -0.13867
0.28923 0.74119 -0.05950
0.58518 -0.27979 0.33057
0.54005 -0.20996 0.37473
0.09492 0.04431 0.03927
0.59828 -0.12257 0.43628
0.26425 0.04275 0.22229
-0.43135 0.19161 -0.57322
-0.02519 -0.82565 0.14011
-0.16463 0.23479 -0.12240
0.31694 -0.08310 0.27796
0.10953 -0.15167 0.19105
0.01713 -0.29328 -0.05617
-0.22495 -0.03912 -0.16063
0.17112 0.20261 0.05888
-0.09532 -0.10078 0.35377
-0.24294 -0.49613 -0.02486
0.52191 0.04576 0.42049
0.42880 0.13972 0.26719
0.39604 -0.17045 0.31297
0.48964 0.58354 -0.04752
0.30756 -0.28839 0.39504
0.44556 -0.47492 0.49466
-0.03403 0.12414 -0.12170
0.01930 0.52479 -0.25646
-0.51800 -0.26892 -0.03995
0.01993 0.04498 0.17844
-0.07731 0.66816 -0.42761
0.20027 -0.05984 0.22813
0.33070 -0.41806 0.39382
-0.20028 -0.20176 0.14166
-0.43432 -0.12406 -0.37125
-0.08645 0.73857 -0.42299
-0.18053 0.10364 -0.04792
-0.00881 -0.46239 0.14640
0.26001 0.41342 -0.00057
0.15348 0.12231 0.19721
-0.07344 0.50632 -0.22126
0.47241 0.41210 0.09809
0.12063 0.42879 -0.11063
-0.00660 -0.70741 0.19935
-0.01869 -0.50194 0.24384
-0.24720 0.48377 -0.38633
0.31136 -0.23800 0.38287
0.57612 -0.19362 0.33271
0.57427 -0.07392 0.45156
-0.24789 -0.02233 -0.20394
0.16953 -0.66016 0.31467
-0.18733 0.02686 0.00274
0.36287 -0.10762 0.35832
0.10798 -0.08902 0.15337
0.09957 0.53844 -0.11300
0.24297 -0.15240 0.33602
-0.12888 -0.12678 0.28805
0.48835 -0.07483 0.40491
-0.07948 -0.45777 -0.00654
-0.17272 0.02129 -0.18428
0.09428 0.46280 -0.15396
-0.34547 -0.27209 0.01332
0.18646 -0.10959 0.31094
-0.02009 -0.41676 0.11710
-0.21484 0.01709 -0.42062
-0.19763 0.60200 -0.44091
0.16985 -0.00523 0.16498
-0.06957 0.52469 -0.35456
-0.02512 0.63799 -0.35295
-0.28480 -0.25161 -0.07000
0.32010 0.58494 -0.08398
-0.16366 -0.55017 0.07665
0.36941 -0.08390 0.29601
0.26214 0.55541 -0.02984
0.19567 0.62913 -0.08121
-0.05029 0.38642 -0.13173
-0.28784 -0.07374 -0.02535
0.18433 0.40617 -0.03603
-0.16672 0.56681 -0.45121
0.11687 -0.25740 0.34817
-0.18957 -0.01948 -0.14030
0.01956 -0.27421 0.11748
0.42885 -0.02448 0.37066
-0.27684 0.14318 -0.17194
-0.18828 0.33406 -0.20811
-0.48763 0.22633 -0.57890
0.27189 0.64886 -0.10863
-0.00139 -0.02907 -0.01187
-0.25675 0.05607 -0.08737
-0.06901 0.41904 -0.27538
0.07360 0.64324 -0.25296
0.39440 0.02998 0.28977
-0.07935 -0.13649 -0.00435
0.02148 -0.29329 0.01427
-0.29464 0.00786 -0.09318
0.16796 0.62714 -0.16703
0.33610 -0.47173 0.44541
0.17686 0.71033 -0.10593
-0.41999 -0.18568 -0.20105
0.40585 0.55789 -0.07541
0.32649 0.35224 0.18059
0.06033 -0.11993 0.10692
0.10624 0.21966 0.08684
-0.40842 -0.18061 -0.04688
0.13319 0.35424 -0.05381
-0.02977 0.37624 -0.20831
0.07984 -0.19814 0.33235
0.14150 -0.05646 0.16751
-0.21226 -0.10807 -0.09585
-0.03938 0.32599 -0.08606
-0.02357 -0.18933 0.04587
0.22441 -0.46845 0.45782
0.50539 0.46036 -0.01702
-0.16141 -0.31101 -0.07972
-0.22921 0.42607 -0.31001
0.42577 -0.14245 0.31470
0.00702 0.44858 -0.12766
-0.24468 -0.30741 0.09270
0.43932 0.49954 -0.04367
0.14496 0.75681 -0.14675
-0.36249 -0.27351 -0.08440
0.36966 -0.33741 0.35961
0.38827 0.40645 0.07360
0.06483 -0.68474 0.21166
-0.06371 -0.68195 0.11066
-0.40186 0.09454 -0.41749
0.07420 0.59474 -0.15267
0.17979 -0.25218 0.27493
-0.21196 -0.38101 0.10584
0.45167 -0.21707 0.32444
0.03243 -0.40091 0.18742
-0.07374 -0.22947 -0.02568
0.45806 0.62245 -0.09518
-0.37245 -0.03612 -0.35544
-0.33491 -0.29939 -0.05665
-0.56942 -0.31004 -0.06298
-0.28472 -0.20772 0.05002
-0.06690 0.74380 -0.35773
-0.38587 0.15108 -0.37178
-0.24143 0.54528 -0.44094
-0.10915 0.16108 -0.02717
-0.14204 -0.03790 -0.09700
0.21826 0.70322 -0.13620
0.30986 0.04805 0.24368
-0.41354 -0.11761 -0.10791
-0.12853 -0.35550 -0.08100
0.24915 -0.33585 0.41184
0.02337 -0.16548 0.08291
-0.63908 -0.31764 -0.22377
0.61816 -0.22770 0.31924
-0.08316 0.45015 -0.31458
-0.12060 -0.71432 0.08599
-0.13839 0.55662 -0.31109
-0.35605 0.03001 -0.18952
0.13937 0.08399 0.21299
0.44206 -0.32215 0.39110
0.46419 -0.43323 0.44121
0.02193 -0.74618 0.21429
0.45554 -0.15442 0.38891
-0.31225 0.14804 -0.46217
0.01872 0.08690 0.14005
0.51744 0.02332 0.35774
-0.11285 0.01326 -0.33625
-0.19395 0.54353 -0.36461
-0.07966 0.07063 -0.31666
-0.07744 0.01128 0.13210
0.24250 -0.07982 0.31009
-0.04446 0.46156 -0.17149
0.44132 0.04353 0.37074
-0.35068 -0.00750 -0.40772
-0.03519 -0.06011 0.25716
-0.12935 -0.76729 0.02846
-0.01994 0.08568 0.11131
-0.17732 -0.42594 -0.06803
0.39595 -0.29331 0.39615
-0.11999 0.33863 -0.27765
0.23566 0.47809 -0.00322
-0.15437 -0.67377 0.04276
-0.12886 0.72573 -0.40661
0.06962 0.10417 -0.01163
0.39014 -0.16312 0.37779
-0.24716 0.32312 -0.26183
0.46075 0.16577 0.33055
0.40127 0.38249 0.15738
0.18723 -0.62704 0.38776
-0.48582 -0.12474 -0.25949
0.22344 0.12475 0.14033
0.00674 0.09061 -0.06394
-0.13892 0.64934 -0.37611
-0.25417 0.21898 -0.39670
0.08049 -0.51602 0.33120
-0.13565 0.05006 -0.20610
-0.38092 0.38302 -0.50650
-0.31576 -0.10370 -0.02992
-0.12810 0.24272 -0.09894
0.16174 -0.65205 0.27273
0.65041 -0.22819 0.37728
-0.07677 0.20815 -0.19560
-0.09674 0.05402 -0.36796
-0.10052 -0.20782 0.31106
-0.17242 -0.11888 0.14764
0.35929 0.34711 0.14701
0.53682 -0.29521 0.37221
0.31108 0.10703 0.22313
-0.55088 -0.25287 -0.29642
-0.09874 -0.38988 0.21326
0.54880 -0.15181 0.38600
-0.44992 -0.06768 -0.26253
-0.17900 0.41922 -0.39502
0.44296 -0.00766 0.32425
0.44289 0.62642 -0.03159
0.00115 -0.08517 0.31376
0.27006 0.39709 0.06248
-0.19890 0.10955 -0.37163
0.20444 0.36239 0.00606
0.48422 -0.39873 0.41478
0.22942 0.58393 -0.11189
-0.04855 -0.88921 0.10874
-0.54266 -0.18985 -0.26507
0.39197 0.49207 -0.03473
0.06332 0.52571 -0.21355
-0.08432 -0.60105 0.15128
0.00476 -0.02691 0.24228
0.11783 0.15912 0.02062
0.04759 0.33583 -0.03154
-0.07109 -0.52998 0.18973
0.12857 -0.70016 0.26757
0.29002 -0.52700 0.47647
-0.03250 0.24880 -0.14709
-0.35352 -0.06659 -0.28177
0.14483 0.32228 0.05821
0.04333 0.77411 -0.26675
-0.00929 0.72238 -0.29026
0.50842 0.53708 -0.02923
-0.37473 0.10116 -0.47849
0.50098 -0.36882 0.39570
-0.68312 -0.34187 -0.30272
0.20849 -0.00858 0.20978
-0.22332 -0.20849 -0.06973
-0.01208 0.31886 -0.15594
-0.09626 0.52509 -0.25181
-0.47907 -0.19824 -0.27353
-0.01129 -0.65975 0.20801
0.04903 0.75840 -0.30632
0.55390 -0.24245 0.32425
0.06414 -0.03171 0.26652
-0.40782 -0.09558 -0.33856
0.06891 -0.55431 0.30635
0.07590 -0.49031 0.22616
0.11276 0.81268 -0.21545
-0.44787 -0.10309 -0.18843
-0.06604 0.07295 -0.11529
0.04848 0.64032 -0.19265
0.62074 -0.17281 0.40555
-0.12855 0.40977 -0.33405
0.19575 0.24406 0.20364
0.23321 -0.58233 0.43902
0.46002 -0.23060 0.38464
-0.22211 -0.53257 -0.02918
0.22445 0.48378 -0.06737
0.50367 0.49974 0.00724
0.24224 -0.38588 0.43553
0.45397 0.08422 0.31447
-0.48946 0.27698 -0.67404
-0.47072 0.32913 -0.63925
0.00689 0.14577 0.07785
-0.09760 -0.49151 -0.02363
0.08862 0.29779 -0.05442
0.41282 -0.41933 0.45366
-0.43393 0.18694 -0.48954
-0.59526 -0.31639 -0.24162
-0.41261 -0.22354 -0.02369
0.03591 0.02119 0.21316
-0.09674 -0.74747 0.06595
-0.59730 -0.25951 -0.26621
0.28032 -0.09187 0.26934
0.04555 -0.36078 0.31659
-0.64532 -0.36498 -0.20343
-0.22100 0.50941 -0.37199
-0.05328 -0.45832 0.07435
0.35394 -0.20219 0.30966
0.32100 0.64369 -0.09460
-0.11390 0.38115 -0.17754
0.11349 -0.02270 0.10985
-0.05160 0.07512 0.09229
0.01242 -0.82502 0.19052
-0.02127 0.47816 -0.27288
-0.14871 -0.10654 -0.06003
0.06067 0.71238 -0.28940
0.27636 0.10626 0.25090
-0.12490 -0.90442 0.04894
0.04062 -0.48283 0.29846
-0.40470 0.26954 -0.46972
-0.04388 -0.49805 0.10370
-0.38064 0.26002 -0.55744
-0.11679 0.19788 -0.06190
0.56102 -0.02267 0.45330
-0.18793 -0.31673 0.14890
-0.10999 0.69988 -0.37175
-0.15422 0.09080 -0.01477
0.10931 0.68819 -0.15693
-0.03000 -0.14059 0.36550
0.33324 -0.14252 0.35861
-0.62243 -0.31456 -0.15365
-0.02316 -0.08236 0.01445
0.31227 0.72226 -0.08675
-0.53169 -0.20704 -0.33303
0.08109 -0.75830 0.23129
-0.25245 -0.01273 -0.03181
0.09402 -0.55770 0.22904
0.03690 0.49630 -0.22464
-0.35283 -0.15741 -0.16176
0.61876 -0.20826 0.37018
-0.06830 0.62695 -0.40875
0.32789 -0.34925 0.35048
-0.16489 -0.07064 0.10834
0.18945 -0.36266 0.29910
-0.18402 -0.59562 0.01109
-0.31051 0.10155 -0.45955
0.32163 0.27954 0.14113
0.52735 -0.41661 0.43264
-0.20359 0.19949 -0.34424
-0.45818 -0.09183 -0.22735
-0.61348 -0.31260 -0.31283
0.13410 -0.50972 0.26964
0.03559 0.52588 -0.14883
-0.19931 0.52526 -0.45217
-0.12427 -0.60555 0.00542
-0.42987 -0.31350 -0.01403
0.20135 0.29894 0.16648
-0.65638 -0.31574 -0.29372
0.37935 0.63934 -0.03099
-0.14936 -0.62334 -0.02333
-0.01727 -0.27617 -0.04128
-0.28573 0.08468 -0.13996
-0.29715 -0.00868 -0.33903
0.56588 -0.08526 0.39087
-0.27235 0.44048 -0.50455
0.14849 -0.18883 0.24038
0.33499 -0.50644 0.50901
0.06515 0.18913 0.08256
0.43134 -0.37457 0.42087
0.31980 0.11481 0.26677
0.07941 -0.09687 0.30388
0.39694 0.69508 -0.04957
-0.20458 -0.55972 -0.05775
-0.55800 -0.21498 -0.22983
0.17910 -0.44683 0.30637
0.21935 0.21363 0.23636
-0.26701 0.43730 -0.37322
0.40206 0.09872 0.32163
-0.37684 0.03032 -0.22170
0.45935 0.11378 0.35306
0.26881 0.30142 0.09425
0.32021 0.46663 0.05520
-0.31963 0.42272 -0.52676
0.08864 -0.40118 0.23379
-0.23298 0.19218 -0.37743
-0.13340 0.07137 -0.36601
-0.50908 -0.14386 -0.32347
-0.01869 -0.36406 0.06457
-0.06027 0.25077 -0.17801
0.37560 0.07794 0.26873
-0.36221 -0.01709 -0.14874
0.36867 0.56882 -0.00247
-0.07178 0.00785 -0.37148
0.10191 -0.51141 0.24283
-0.24204 0.07079 -0.41899
0.12874 -0.38191 0.37747
0.30089 0.35550 0.12034
0.17177 0.54233 -0.13485
0.01352 -0.29297 0.31905
0.40458 0.41783 0.18912
0.08741 -0.62626 0.22243
-0.12460 0.54565 -0.41648
-0.42074 -0.01699 -0.29994
-0.00477 0.34949 -0.07658
-0.19710 -0.16985 -0.06479
0.11392 -0.34640 0.36366
-0.03411 -0.02798 -0.04264
0.11269 -0.11443 0.30806
0.01812 0.58192 -0.19310
0.18943 -0.53927 0.34155
-0.10278 -0.80461 0.05933
0.12945 0.56764 -0.17755
0.10144 0.07322 0.20768
-0.05472 0.74428 -0.39738
-0.20736 0.48116 -0.32863
-0.28467 -0.01865 -0.27079
-0.50490 -0.15715 -0.20310
-0.67931 -0.38032 -0.29710
0.31917 0.28436 0.20483
0.03918 -0.54832 0.28097
-0.30182 0.28513 -0.46803
-0.17057 0.63645 -0.42585
0.09228 -0.57682 0.32480
0.36409 0.17625 0.22530
-0.13314 -0.84640 0.04630
0.03720 -0.02028 0.01868
-0.32269 -0.12631 -0.16561
0.29529 -0.31365 0.32524
0.34363 -0.13071 0.29456
-0.16005 0.30141 -0.16325
-0.10313 0.07835 -0.16908
-0.30057 0.29164 -0.31269
0.08003 -0.32467 0.21945
0.46880 -0.14641 0.32325
-0.33532 0.21871 -0.49642
0.19532 -0.03116 0.27753
0.21389 0.74733 -0.08267
-0.13374 0.00457 0.07972
-0.14127 -0.19439 -0.04208
0.14982 -0.44405 0.39727
0.00861 -0.63724 0.17723
-0.08738 0.03282 -0.30671
-0.23612 0.14667 -0.39238
-0.53087 -0.27022 -0.22072
0.47153 0.41630 0.03816
0.07870 0.08970 0.18223
0.15563 -0.08791 0.29961
0.00902 -0.20226 0.36955
0.32111 0.50356 -0.04837
-0.00324 0.51483 -0.17145
0.02933 -0.71768 0.19027
0.44711 0.55093 -0.00069
-0.23498 0.04495 -0.05719
0.22970 -0.31447 0.30840
0.20096 0.69012 -0.08689
-0.30709 0.47402 -0.49976
-0.11427 0.00673 -0.37601
-0.40424 -0.05404 -0.37205
-0.26006 -0.40847 0.04852
-0.20934 0.25285 -0.34113
0.20221 0.73620 -0.14915
-0.39566 0.17003 -0.40662
0.43883 0.46163 -0.00958
-0.28560 -0.33905 -0.04800
0.21309 0.10748 0.22440
0.05422 -0.30609 0.32931
-0.22547 0.47499 -0.45910
0.07365 0.14147 -0.01699
-0.17341 0.48400 -0.41509
0.10247 -0.04992 0.28353
0.01933 0.64445 -0.21992
-0.34816 -0.24068 -0.09481
0.10499 -0.70549 0.22772
-0.47085 0.18671 -0.60370
-0.33891 -0.31477 0.01802
0.21468 0.24148 0.07549
-0.13509 0.03269 -0.26435
-0.01953 -0.53815 0.23348
0.01595 -0.24443 0.09627
0.17009 -0.06499 0.20574
-0.06703 -0.91755 0.09537
0.18222 -0.33972 0.39772
0.01956 -0.64957 0.23684
-0.38850 0.33075 -0.57512
-0.05494 -0.64630 0.11926
-0.08947 -0.07952 0.25827
-0.03336 -0.61744 0.19711
-0.06210 -0.82794 0.13650
-0.37600 -0.15223 -0.04278
-0.58695 -0.26995 -0.33207
0.02886 0.29065 -0.10236
0.08070 -0.42245 0.33646
0.40744 -0.10773 0.30863
0.37577 -0.38215 0.38561
0.19638 -0.56966 0.36062
-0.27796 0.32248 -0.45668
-0.71399 -0.40208 -0.33283
-0.17879 -0.23807 0.17465
-0.45396 0.24177 -0.62953
-0.28605 0.27909 -0.27997
-0.10814 0.26783 -0.22796
-0.03104 -0.14089 0.03318
-0.10110 0.31743 -0.24045
-0.57140 -0.23846 -0.16734
-0.24178 0.00320 -0.39036
-0.10939 0.14942 -0.25589
0.35527 -0.45369 0.49284
-0.29924 -0.14184 -0.13254
-0.15992 -0.42791 0.13909
0.51632 -0.26067 0.36064
-0.00503 0.58122 -0.30970
0.22523 -0.03443 0.23346
-0.15317 -0.51107 0.10734
-0.16457 0.01065 -0.15086
-0.33534 0.41106 -0.46497
0.47551 -0.07513 0.33773
0.24020 -0.44608 0.35852
-0.02645 0.21373 -0.13663
0.29532 0.33440 0.18269
0.29527 -0.51976 0.51131
0.22297 0.15870 0.21740
-0.40433 0.36909 -0.54486
0.17217 0.41611 -0.00104
0.01319 0.36836 -0.16748
0.52505 0.52090 -0.05712
-0.24840 0.31403 -0.41357
-0.11717 0.65529 -0.46042
-0.16313 0.23511 -0.29395
-0.39551 -0.10760 -0.30665
-0.12754 0.61614 -0.45839
0.36695 0.35362 0.21396
-0.12812 -0.13357 -0.03729
-0.34695 0.04116 -0.44572
0.40011 -0.49464 0.52912
0.34389 -0.50422 0.56065
0.18926 -0.47514 0.43186
0.02810 0.63485 -0.28981
0.09854 0.16262 0.13238
0.25554 -0.36176 0.33257
-0.47027 -0.13307 -0.37526
-0.12408 -0.21548 0.26430
0.47852 0.50392 -0.05160
0.42687 0.13301 0.32116
-0.01284 0.39751 -0.11151
-0.18526 -0.53764 -0.08467
-0.26940 -0.43745 0.02551
0.00132 0.74141 -0.34927
-0.11167 -0.44450 0.17980
-0.09177 0.49744 -0.36053
-0.05147 -0.01269 0.19992
-0.03822 0.53634 -0.21320
-0.30212 -0.39541 0.02017
-0.07058 -0.68836 0.14514
-0.01787 -0.34980 -0.09200
-0.20648 0.35370 -0.38439
-0.48408 -0.19625 -0.08481
-0.00251 -0.53202 0.16477
-0.08587 0.63373 -0.30845
-0.52596 0.27618 -0.64766
0.26672 0.15807 0.23631
-0.05008 -0.26811 0.30617
0.26752 -0.42800 0.46798
0.38509 -0.29791 0.34640
0.04357 -0.71700 0.23651
0.16460 0.80300 -0.16770
0.06558 0.46373 -0.18015
0.24179 0.38158 0.01561
-0.41057 -0.05954 -0.18109
0.48228 -0.01760 0.34932
0.15195 -0.17911 0.32774
-0.65388 -0.38177 -0.25494
-0.32987 0.29315 -0.50644
0.22764 0.33897 0.03852
-0.15409 -0.24237 -0.06123
0.08528 0.26221 0.04286
0.45202 0.40998 0.12698
-0.01890 0.03179 0.17127
-0.10121 -0.05081 -0.06539
0.24876 -0.26935 0.30262
0.32571 -0.41466 0.45968
0.08569 -0.09588 0.12617
-0.21332 0.43223 -0.43413
0.12786 0.64074 -0.20434
0.01730 0.22732 -0.09061
-0.58222 -0.24246 -0.23709
0.11119 0.61873 -0.13425
-0.10177 0.37576 -0.28297
0.33522 -0.20784 0.37791
-0.00042 -0.45219 0.27560
0.32928 0.40701 0.10744
-0.08682 0.04055 0.09060
-0.02273 -0.22376 0.35146
0.37584 0.42371 0.03950
-0.06025 -0.17403 0.36917
-0.16018 -0.17557 0.20006
0.13246 -0.65253 0.22492
-0.46330 0.23187 -0.54469
-0.29582 0.14994 -0.20379
0.23364 -0.49835 0.47399
0.24502 -0.24673 0.37016
0.10039 0.59190 -0.21077
-0.00421 -0.36863 -0.01169
0.39440 -0.39919 0.43144
0.07341 0.29851 0.00967
-0.11197 -0.42518 -0.08945
0.49797 0.00899 0.41207
-0.08000 0.35950 -0.13644
0.32117 0.17250 0.23982
-0.01882 -0.77603 0.15203
-0.10567 -0.53232 -0.00484
-0.44761 -0.23605 -0.03262
-0.38533 -0.27945 0.00077
-0.44155 -0.04481 -0.30514
-0.01619 -0.71441 0.15864
0.22548 0.17203 0.11734
0.24424 0.76137 -0.09777
0.10176 0.38040 -0.09880
0.45126 0.67169 -0.08966
0.23708 -0.52313 0.39519
0.16215 0.17984 0.18590
0.39262 -0.32818 0.39800
0.17895 -0.14606 0.32154
-0.10136 -0.14457 0.35632
0.11816 -0.59327 0.34830
-0.12006 0.08744 0.02058
-0.60092 -0.28320 -0.13305
0.47387 -0.18606 0.39153
-0.08333 -0.71637 0.12558
-0.04074 -0.60174 0.13028
-0.24670 -0.39258 -0.05280
-0.15684 0.02290 -0.28998
-0.05020 -0.42654 -0.04449
0.53826 -0.01079 0.39148
-0.09069 -0.53609 0.03481
-0.19690 -0.47885 0.07821
0.25457 0.73100 -0.06364
-0.10485 -0.95525 0.06067
0.04125 -0.07147 0.06357
0.26731 0.43725 0.04036
0.19646 0.01684 0.17977
-0.17913 0.32060 -0.33057
-0.45476 0.31333 -0.57206
-0.12709 -0.77967 0.06119
0.13266 -0.00479 0.26174
-0.08703 -0.42645 -0.11839
0.16127 0.27470 0.12810
0.43913 -0.09255 0.38101
-0.13544 -0.68624 0.07162
0.15931 0.40542 -0.06029
0.37022 0.53725 0.02092
0.11575 -0.23906 0.23132
0.44294 0.41085 0.07872
-0.26387 -0.09349 -0.14053
-0.09633 -0.27530 0.27054
-0.15499 0.12590 -0.03994
0.08886 -0.22054 0.19953
-0.07946 -0.19896 -0.00640
-0.14396 0.26907 -0.26842
-0.16235 -0.20840 0.21138
-0.37157 -0.18991 -0.14459
-0.15861 0.52141 -0.30614
-0.29558 0.18976 -0.22986
0.01567 -0.60062 0.24683
0.02212 0.13958 -0.06643
-0.56133 -0.24289 -0.08902
-0.20271 0.26406 -0.17439
-0.51007 -0.18152 -0.32375
0.16729 -0.15993 0.24440
-0.13636 0.70291 -0.43786
0.07169 -0.28852 0.20365
0.43672 0.54276 -0.07096
-0.24014 0.09336 -0.09827
-0.29924 0.04099 -0.44579
-0.34448 -0.07453 -0.07542
0.17865 0.13771 0.08582
-0.53100 0.21424 -0.64219
0.22656 -0.17485 0.27062
0.03983 0.16085 0.08904
0.14763 0.02645 0.11870
-0.37410 0.24020 -0.41004
0.31978 -0.02470 0.26573
-0.22018 -0.14116 -0.08870
0.13782 -0.32542 0.25922
-0.36335 0.22921 -0.37900
-0.39007 0.01097 -0.39427
-0.37750 -0.35327 -0.00844
-0.01763 0.03399 -0.06555
0.09873 0.52619 -0.18149
0.59318 -0.05286 0.43045
-0.05186 0.13501 0.03912
-0.46683 -0.28677 -0.08415
0.01154 -0.38673 -0.08991
-0.01727 -0.39884 -0.07072
-0.44191 -0.15958 -0.31335
-0.07439 -0.77301 0.09511
-0.06703 -0.06420 0.28038
-0.14075 0.43061 -0.35856
-0.02919 -0.39359 -0.00065
0.16155 0.05181 0.23531
-0.08493 -0.68692 0.08210
-0.05505 0.18218 -0.17119
-0.48416 -0.11662 -0.30530
0.14074 0.20695 0.13360
0.13704 -0.31327 0.37318
-0.16326 0.35449 -0.33303
0.30704 0.24796 0.14737
-0.31365 0.32728 -0.36139
-0.04676 -0.29093 -0.05886
0.23949 0.52346 -0.08288
-0.12421 -0.27305 0.22825
-0.31785 0.01947 -0.12941
0.08731 0.48009 -0.09225
-0.17046 0.17341 -0.08811
-0.02624 0.23437 -0.01858
-0.14280 -0.10974 0.18775
0.35856 -0.34946 0.40645
0.43450 -0.12639 0.38204
0.22153 -0.39035 0.32445
-0.46074 -0.14842 -0.12113
-0.29255 0.47152 -0.44901
0.49306 0.10866 0.35129
-0.37636 0.18718 -0.52317
0.16234 -0.12883 0.22727
-0.12849 0.45173 -0.23203
-0.38172 0.36435 -0.57003
-0.09715 -0.52963 0.16249
-0.46108 -0.09698 -0.37111
0.50395 -0.33808 0.37751
0.02184 0.26680 -0.00809
0.63236 -0.10984 0.43910
0.43833 0.51931 0.02056
-0.03659 0.68982 -0.38107
0.19593 0.37311 0.04531
0.16331 -0.39436 0.28660
-0.07858 -0.41527 0.22357
0.21144 -0.24308 0.28515
0.32509 0.06454 0.28957
0.08685 0.71857 -0.26425
-0.11345 0.30459 -0.12699
0.13251 -0.12793 0.19905
-0.17072 -0.16206 0.17070
-0.47995 -0.21795 -0.24257
0.29153 0.36908 0.05607
-0.25565 0.10707 -0.41960
-0.05550 0.30479 -0.18966
0.13971 -0.66326 0.33058
-0.18092 0.57860 -0.37912
0.42831 0.47800 0.06284
-0.39874 0.06282 -0.40590
-0.18744 0.42250 -0.26584
-0.30657 -0.05950 -0.22237
-0.10317 -0.74402 0.09905
-0.56008 0.22948 -0.67018
0.14361 0.24136 0.01989
-0.22646 -0.26722 0.11948
0.20651 0.40275 0.02559
0.12822 -0.54866 0.37094
0.03895 0.33460 -0.12015
0.17174 -0.50740 0.41767
-0.20316 0.10902 -0.07249
0.38227 -0.24801 0.39228
0.22067 -0.19118 0.34504
-0.11031 -0.10271 0.27134
-0.25750 0.39707 -0.46459
0.43100 -0.43738 0.48488
0.17912 0.67285 -0.16568
0.17930 0.51160 -0.05618
0.13126 -0.57393 0.24562
0.25451 0.36687 0.07631
0.07666 0.17436 -0.02361
-0.14628 0.39641 -0.21349
-0.24468 -0.29861 -0.06637
0.42127 -0.03984 0.31205
-0.38505 0.28911 -0.45066
0.07201 -0.15410 0.14866
-0.16061 -0.01027 0.06486
0.35441 -0.44605 0.42982
0.21225 -0.09127 0.24460
-0.25611 0.51561 -0.42982
-0.07951 -0.61366 0.07512
0.02169 -0.52012 0.27298
-0.10384 -0.01972 0.13995
-0.36888 -0.05506 -0.12454
-0.33385 0.22436 -0.31596
-0.56893 -0.32089 -0.11508
0.00657 0.70920 -0.34150
0.17947 0.31498 0.10205
0.04366 0.23130 -0.06387
-0.23307 -0.42584 -0.04944
-0.50221 -0.26468 -0.15400
-0.33411 -0.36647 -0.03722
0.06633 0.02802 0.01462
-0.13729 0.49715 -0.26928
0.32767 0.14473 0.21652
0.01664 0.17201 -0.08348
0.05693 -0.03663 0.05134
-0.00757 0.27516 -0.12751
0.26814 -0.00226 0.27821
0.47932 -0.18677 0.32578
-0.04375 -0.40445 0.02743
-0.01809 -0.22930 0.01953
0.60988 -0.25548 0.34178
-0.42176 0.31649 -0.52118
0.37978 -0.02834 0.29229
-0.28573 0.11143 -0.15995
-0.18040 0.03320 -0.41198
-0.04029 0.60078 -0.24993
-0.19402 -0.59818 -0.04857
0.54138 -0.20556 0.32533
0.13631 0.66659 -0.12828
-0.05821 0.20968 -0.02200
0.02589 -0.40292 0.30035
0.26683 -0.33120 0.32559
0.17973 -0.50591 0.31923
0.37775 -0.24068 0.32438
-0.12236 -0.65225 0.09689
0.39481 -0.35379 0.37394
0.36418 0.32165 0.20536
-0.07682 0.09222 -0.25186
0.05540 -0.41842 0.21057
0.58286 -0.14668 0.36377
0.21744 -0.53162 0.45939
-0.05556 -0.39434 -0.11143
-0.21912 -0.41395 0.08633
-0.54094 -0.19886 -0.19593
-0.41818 -0.32050 -0.04730
-0.09626 0.58648 -0.29102
0.00347 -0.37443 0.13916
0.08077 0.77950 -0.27452
-0.50443 -0.29658 -0.09642
-0.51211 -0.20600 -0.10057
0.36771 -0.46198 0.45562
0.50952 0.42610 0.03687
0.42162 0.16262 0.29524
-0.12868 -0.67317 0.01791
-0.17455 0.00220 -0.38243
0.55672 -0.09313 0.43121
0.04262 -0.31632 -0.02716
0.04297 -0.35091 0.18810
-0.10715 -0.16876 0.32459
0.36091 -0.15793 0.30404
-0.02202 -0.82149 0.17271
0.30556 -0.37357 0.43436
0.04759 0.07562 -0.02409
0.27468 -0.35192 0.42526
-0.55613 0.27324 -0.69198
0.54538 0.06921 0.38621
-0.14267 -0.12379 0.22517
-0.03917 0.70372 -0.30770
-0.04354 -0.74939 0.13579
0.28916 0.57388 -0.08813
0.52312 0.47318 0.00759
-0.31432 -0.02989 -0.29243
0.03658 0.07173 0.16640
-0.50357 -0.25869 -0.19285
-0.02807 -0.39589 -0.13170
-0.41018 -0.21167 -0.15196
-0.61755 -0.29461 -0.19847
-0.08695 0.70407 -0.42874
0.22325 0.02798 0.25531
-0.43376 -0.17414 -0.06675
-0.04257 -0.00449 -0.06398
-0.10022 0.04279 -0.27262
0.57698 -0.11689 0.38089
0.19068 -0.47430 0.32061
0.25285 0.07671 0.19837
0.04258 0.03860 -0.02124
-0.13901 -0.55723 -0.05365
-0.35152 0.19296 -0.32290
-0.27848 -0.30230 0.06484
-0.39570 0.21607 -0.42951
0.37169 0.01249 0.33303
0.41869 -0.23237 0.33002
-0.35272 0.08667 -0.24439
0.44070 0.45535 0.10727
-0.42602 -0.16760 -0.24036
0.59047 -0.24487 0.31614
-0.04618 0.03418 0.14195
0.03185 -0.31679 0.16279
0.29796 -0.50162 0.44376
-0.25983 -0.23578 0.07366
-0.36408 -0.09805 -0.26430
-0.10089 0.44102 -0.20243
-0.57846 -0.23312 -0.30381
0.51264 -0.10565 0.35090
-0.05102 -0.20491 0.35135
-0.16347 -0.64262 0.04003
-0.20820 -0.48871 -0.06601
0.38638 0.44177 0.11933
0.19371 0.17096 0.08682
-0.33497 0.34099 -0.40551
-0.07041 -0.09698 -0.01699
-0.30275 0.40170 -0.40392
-0.00328 -0.77262 0.19126
0.05652 -0.55663 0.21052
0.06059 0.36481 -0.03848
-0.06636 0.04398 -0.10054
0.32070 0.07816 0.23801
-0.18057 -0.04725 0.07104
-0.37619 0.41243 -0.52298
0.19920 -0.59691 0.43380
0.60801 -0.19887 0.33593
0.43113 0.68770 -0.05677
