
77 6.96113908290863
1 37.08533036708832
2 19.320014536380768
3 16.493230044841766
4 14.033704817295074
5 12.650849640369415
6 12.551436066627502
7 11.7855064868927
8 11.038216769695282
9 10.698796093463898
10 10.080827414989471
11 9.856348395347595
12 9.140145242214203
13 8.733044981956482
14 9.037701278924942
15 9.045051485300064
16 8.596711605787277
17 8.37601512670517
18 7.860635310411453
19 8.101225912570953
20 8.018375664949417
21 8.326189547777176
22 7.948580652475357
23 7.8193362057209015
24 8.019849419593811
25 7.850089341402054
26 7.439736634492874
27 7.974256277084351
28 7.574506163597107
29 7.520515650510788
30 8.017865359783173
31 7.6803518533706665
32 8.043778508901596
33 7.753487974405289
34 7.520542353391647
35 7.647301822900772
36 7.91364312171936
37 7.520233541727066
38 7.509681403636932
39 7.600636810064316
40 7.817208617925644
41 7.55679926276207
42 7.538696855306625
43 7.554136425256729
44 7.187260538339615
45 7.501203119754791
46 7.425156831741333
47 7.615259736776352
48 7.754023611545563
49 7.502965420484543
50 7.2814260721206665
51 7.092023342847824
52 6.927859604358673
53 7.062167584896088
54 6.85297492146492
55 6.825590580701828
56 6.988250941038132
57 6.804831832647324
58 6.892728477716446
59 6.803135454654694
60 6.949359893798828
61 6.981118321418762
62 6.892083257436752
63 7.000095754861832
64 6.830207824707031
65 7.235800743103027
66 7.077227383852005
67 6.9833827912807465
68 6.899112939834595
69 6.8633811473846436
70 6.8953414261341095
71 6.930381655693054
72 7.086279779672623
73 7.168972760438919
74 6.803941965103149
75 6.8743636310100555
76 6.903467535972595
77 6.953574925661087
78 7.106068044900894
79 7.000147879123688
80 7.061087489128113
81 6.953732371330261
82 6.9465682208538055
83 7.094617962837219
84 6.953587770462036
85 6.982772082090378
86 7.058052092790604
87 7.058200985193253
88 6.872603893280029
89 6.883248567581177
90 6.894624054431915
91 6.940268099308014
92 6.865287393331528
93 6.839175224304199
94 6.981850326061249
95 6.986618369817734
96 7.129496663808823
97 6.978546231985092
98 7.075958997011185
99 7.052146464586258
100 7.056861162185669
101 6.726524829864502
102 6.758743137121201
103 6.7621394991874695
104 6.863820880651474
105 6.8597443997859955
106 6.884234577417374
107 6.773159503936768
108 6.86466920375824
109 6.776038616895676
110 6.849589556455612
111 6.91820564866066
112 6.914704352617264
113 6.9095876812934875
114 6.855453580617905
115 6.8297920525074005
116 6.883561730384827
117 6.9076210260391235
118 6.851228982210159
119 6.859964162111282
120 6.936501681804657
121 6.9137910306453705
122 6.844404965639114
123 6.81592658162117
124 6.857422173023224
125 6.953748881816864
126 7.102412164211273
127 7.006286323070526
128 6.967426389455795
129 7.026556670665741
130 7.121725380420685
131 6.9954816699028015
132 7.113523334264755
133 7.173590928316116
134 7.1863157749176025
135 7.149334877729416
136 7.165197134017944
137 7.251665771007538
138 7.130630075931549
139 7.226586997509003
140 7.172079384326935
141 7.201076835393906
142 7.246544450521469
143 7.182032108306885
144 7.224608391523361
145 7.305217295885086
146 7.214897722005844
147 7.255090415477753
148 7.504453957080841
149 7.258295893669128
150 7.401940554380417
151 7.363835394382477
152 7.372906535863876
153 7.422220051288605
154 7.488689184188843
155 7.505901992321014
156 7.594795823097229
157 7.618097931146622
158 7.619849294424057
159 7.688302159309387
160 7.7013329565525055
161 7.675089240074158
162 7.760489672422409
163 7.643355220556259
164 7.724300295114517
165 7.883961737155914
166 7.839959353208542
167 7.939400166273117
168 7.8886688351631165
169 7.846806466579437
170 7.881953418254852
171 7.936489909887314
172 7.895997375249863
173 8.008917421102524
174 7.914991557598114
175 7.972584515810013
176 8.130883604288101
177 8.060080736875534
178 8.094274044036865
179 8.120698302984238
180 7.982955306768417
181 8.12208679318428
182 8.029677122831345
183 8.165170341730118
184 8.109486550092697
185 8.136124908924103
186 8.168755382299423
187 8.146292209625244
188 8.156811207532883
189 8.175329834222794
190 8.226570904254913
191 8.23687395453453
192 8.215848714113235
193 8.269362419843674
194 8.27326014637947
195 8.336923658847809
196 8.254136890172958
197 8.327203065156937
198 8.338800340890884
199 8.226657003164291
200 8.286459624767303
201 8.373707324266434
202 8.384691148996353
203 8.35643583536148
204 8.347897738218307
205 8.406643152236938
206 8.310931324958801
207 8.398335725069046
208 8.399090886116028
209 8.42688262462616
210 8.360938519239426
211 8.436817854642868
212 8.50875037908554
213 8.44932758808136
214 8.470524489879608
215 8.347374439239502
216 8.433785676956177
217 8.49371999502182
218 8.408593326807022
219 8.485380172729492
220 8.522175967693329
221 8.469313144683838
222 8.544258654117584
223 8.512033879756927
224 8.585394889116287
225 8.517647296190262
226 8.539451599121094
227 8.567191928625107
228 8.556366354227066
229 8.55792823433876
230 8.469599395990372
231 8.491251975297928
232 8.546135991811752
233 8.537495166063309
234 8.567427068948746
235 8.538064002990723
236 8.558928728103638
237 8.565522998571396
238 8.559607177972794
239 8.570180058479309
240 8.560418665409088
241 8.50544011592865
242 8.558572143316269
243 8.56199386715889
244 8.486197292804718
245 8.552282720804214
246 8.567977845668793
247 8.53636258840561
248 8.59529796242714
249 8.550857156515121
250 8.54643303155899
251 8.613582819700241
252 8.549239039421082
253 8.64092269539833
254 8.627941936254501
255 8.592251807451248
256 8.612530589103699
257 8.597960412502289
258 8.59121721982956
259 8.646023154258728
260 8.558019042015076
261 8.64491018652916
262 8.6292465031147
263 8.655009776353836
264 8.624472498893738
265 8.609706073999405
266 8.655309051275253
267 8.645400792360306
268 8.6061832010746
269 8.59567329287529
270 8.63721215724945
271 8.652929425239563
272 8.653492003679276
273 8.684656113386154
274 8.643496006727219
275 8.671622306108475
276 8.619758427143097
277 8.652169406414032
278 8.686524420976639
279 8.643933594226837
280 8.609147638082504
281 8.604043513536453
282 8.666304916143417
283 8.624572724103928
284 8.60526892542839
285 8.607076108455658
286 8.66413402557373
287 8.693480432033539
288 8.680361092090607
289 8.699130922555923
290 8.689078718423843
291 8.649164617061615
292 8.62426808476448
293 8.59641507267952
294 8.647792607545853
295 8.65313845872879
296 8.643860846757889
297 8.618566453456879
298 8.630197376012802
299 8.673123329877853
300 8.617704659700394
301 8.664161741733551
302 8.616663634777069
303 8.61942544579506
304 8.667586952447891
305 8.648559033870697
306 8.685153782367706
307 8.66686099767685
308 8.659984797239304
309 8.650817811489105
310 8.6701520383358
311 8.687271505594254
312 8.632241010665894
313 8.669304639101028
314 8.657630175352097
315 8.6404849588871
316 8.70525050163269
317 8.668028980493546
318 8.67489954829216
319 8.674005389213562
320 8.689939677715302
321 8.668482303619385
322 8.629600286483765
323 8.682963728904724
324 8.685164391994476
325 8.709100008010864
326 8.659620136022568
327 8.641673892736435
328 8.673591703176498
329 8.686490565538406
330 8.656411528587341
331 8.654987752437592
332 8.630242854356766
333 8.687406092882156
334 8.67502960562706
335 8.670628249645233
336 8.660799711942673
337 8.669891059398651
338 8.672848969697952
339 8.66200503706932
340 8.671674847602844
341 8.646117776632309
342 8.667804658412933
343 8.664766609668732
344 8.694422006607056
345 8.6748688519001
346 8.664493888616562
347 8.711550414562225
348 8.71787965297699
349 8.69914498925209
350 8.683546543121338
351 8.730614989995956
352 8.668957710266113
353 8.701592594385147
354 8.69733875989914
355 8.696402311325073
356 8.666032403707504
357 8.70460045337677
358 8.720673501491547
359 8.700866252183914
360 8.694968581199646
361 8.684074431657791
362 8.711520373821259
363 8.69075232744217
364 8.678975611925125
365 8.70262947678566
366 8.6947121322155
367 8.72058990597725
368 8.693655878305435
369 8.685309171676636
370 8.68271467089653
371 8.673956036567688
372 8.690288633108139
373 8.710915118455887
374 8.689022779464722
375 8.669100105762482
376 8.676367938518524
377 8.688037365674973
378 8.670397460460663
379 8.69368389248848
380 8.67211902141571
381 8.67174243927002
382 8.695575535297394
383 8.689279079437256
384 8.724822103977203
385 8.706974864006042
386 8.71384859085083
387 8.673889756202698
388 8.697025507688522
389 8.70081776380539
390 8.724927574396133
391 8.701209127902985
392 8.719864189624786
393 8.688473522663116
394 8.657672494649887
395 8.70341843366623
396 8.707668602466583
397 8.704537838697433
398 8.687480002641678
399 8.671726077795029
400 8.692727357149124
401 8.66770714521408
402 8.681692957878113
403 8.694135308265686
404 8.678039908409119
405 8.695758014917374
406 8.667928695678711
407 8.672150760889053
408 8.692936092615128
409 8.672331035137177
410 8.697005212306976
411 8.68160218000412
412 8.689042508602142
413 8.678895026445389
414 8.699961543083191
415 8.714659839868546
416 8.701132208108902
417 8.703442335128784
418 8.681707501411438
419 8.682581394910812
420 8.706145107746124
421 8.690349966287613
422 8.693880140781403
423 8.69130340218544
424 8.706295639276505
425 8.699498891830444
426 8.71922105550766
427 8.69318699836731
428 8.69833254814148
429 8.69041982293129
430 8.695762068033218
431 8.718568950891495
432 8.708395034074783
433 8.703550666570663
434 8.677686482667923
435 8.677317768335342
436 8.726498305797577
437 8.698834300041199
438 8.70280009508133
439 8.715497136116028
440 8.71927860379219
441 8.686161488294601
442 8.692161440849304
443 8.712008595466614
444 8.713295370340347
445 8.709869801998138
446 8.70225641131401
447 8.692491352558136
448 8.679848849773407
449 8.719666093587875
450 8.707914769649506
451 8.692151457071304
452 8.708077430725098
453 8.685717284679413
454 8.698023676872253
455 8.691115409135818
456 8.700182467699051
457 8.710300743579865
458 8.701746702194214
459 8.693162381649017
460 8.726767510175705
461 8.706831276416779
462 8.696519702672958
463 8.674653828144073
464 8.683685153722763
465 8.698896259069443
466 8.705921471118927
467 8.697365671396255
468 8.732349187135696
469 8.706790089607239
470 8.714870899915695
471 8.755342215299606
472 8.717169880867004
473 8.71393147110939
474 8.696305930614471
475 8.708322942256927
476 8.702830076217651
477 8.701856851577759
478 8.688271194696426
479 8.696849077939987
480 8.691268801689148
481 8.68115097284317
482 8.698664098978043
483 8.713335305452347
484 8.728685408830643
485 8.697372734546661
486 8.70013827085495
487 8.6941437125206
488 8.706536263227463
489 8.6970853805542
490 8.726599395275116
491 8.699471354484558
492 8.685927748680115
493 8.72070997953415
494 8.695048809051514
495 8.705833852291107
496 8.683699041604996
497 8.703693002462387
498 8.697637170553207
499 8.699274331331253
500 8.694752961397171
501 8.705444127321243